100 1.2452602386474609e-05 2.574920654296875e-05 3.09944152832031e-06 9.5367431640625e-07 1.311302185058594e-05 2.14576721191406e-06
200 2.9056072235107423e-05 3.62396240234375e-05 9.5367431640625e-07 0.0 2.527236938476562e-05 2.14576721191406e-06
300 3.5653114318847654e-05 0.0001862049102783203 9.5367431640625e-07 0.0 3.504753112792969e-05 0.0
400 4.694461822509766e-05 3.719329833984375e-05 9.5367431640625e-07 9.5367431640625e-07 4.625320434570312e-05 1.19209289550781e-06
500 5.649423599243164e-05 9.012222290039062e-05 1.19209289550781e-06 9.5367431640625e-07 5.698204040527344e-05 1.66893005371094e-06
600 6.857792536417643e-05 3.385543823242188e-05 9.5367431640625e-07 1.19209289550781e-06 6.914138793945312e-05 9.5367431640625e-07
700 8.046933582850864e-05 0.00011801719665527344 1.19209289550781e-06 9.5367431640625e-07 8.20159912109375e-05 9.5367431640625e-07
800 9.253263473510743e-05 0.0003273487091064453 9.5367431640625e-07 1.19209289550781e-06 9.298324584960938e-05 1.66893005371094e-06
900 0.0001004640261332194 9.894371032714844e-05 2.14576721191406e-06 9.5367431640625e-07 0.00010609626770019531 9.5367431640625e-07
1000 0.00011041069030761719 0.00015807151794433594 1.19209289550781e-06 1.19209289550781e-06 0.00011396408081054688 9.5367431640625e-07
