SRW0: [0, 4, 0, 3, 4, 2, 4, 3, 2, 4, 2, 4, 0, 4, 3, 1]
SRW1: [0, 1, 4, 0, 3, 0, 3, 0, 1, 2]
SRW2: [0, 4, 0, 4, 2, 4, 3, 4, 3, 0, 2, 3, 1]
SRW3: [0, 3, 1, 4, 0, 3, 1, 2]
SRW4: [0, 2, 1, 3, 0, 2, 3, 4]
SRW5: [0, 1, 3, 1, 2, 1, 2, 1, 2, 0, 3, 2, 1, 3, 0, 4]
SRW6: [0, 3, 1, 2, 4]
SRW7: [0, 1, 2, 3, 4]
SRW8: [0, 3, 1, 2, 4]
SRW9: [0, 2, 0, 1, 4, 3]
SRW10: [0, 4, 1, 0, 1, 4, 2, 3]
SRW11: [0, 2, 0, 3, 0, 2, 3, 0, 3, 2, 0, 3, 4, 0, 4, 3, 4, 1]
SRW12: [0, 2, 0, 1, 2, 3, 2, 3, 0, 4]
SRW13: [0, 3, 2, 1, 2, 4]
SRW14: [0, 2, 1, 3, 0, 3, 4]
SRW15: [0, 4, 3, 2, 4, 3, 0, 2, 3, 4, 3, 4, 1]
SRW16: [0, 4, 2, 4, 3, 0, 1]
SRW17: [0, 4, 2, 1, 4, 2, 1, 0, 1, 4, 3]
SRW18: [0, 3, 2, 3, 0, 2, 0, 4, 1]
SRW19: [0, 3, 2, 0, 3, 1, 2, 3, 0, 4]
G: [0, 1, 2, 3, 4]
K [0, 3, 2, 1, 4, 1, 2, 3, 0]
P: [0, 1, 4, 1, 2, 3, 2, 1, 0]
