QUICK: 100 152 994 0.0002958775
MERGE: 100 672 544 0.0003392696
INSERT: 100 2586 99 0.0005848408

QUICK: 200 360 2171 0.0005781651
MERGE: 200 1544 1281 0.000754118
INSERT: 200 9973 199 0.0022888184

QUICK: 300 598 3495 0.0009269714
MERGE: 300 2488 2113 0.0011630058
INSERT: 300 22425 299 0.0052368641

QUICK: 400 838 4765 0.001283884
MERGE: 400 3488 2963 0.0015969276
INSERT: 400 41706 399 0.0097177029

QUICK: 500 1143 6346 0.0016887188
MERGE: 500 4488 3861 0.002065897
INSERT: 500 64829 499 0.0169847012

QUICK: 600 1339 8233 0.0021641254
MERGE: 600 5576 4782 0.0026831627
INSERT: 600 87184 599 0.0204977989

QUICK: 700 1713 8983 0.0023779869
MERGE: 700 6676 5747 0.0030107498
INSERT: 700 122701 699 0.0297868252

QUICK: 800 1923 11004 0.002887249
MERGE: 800 7776 6724 0.0034658909
INSERT: 800 157809 799 0.0376281738

QUICK: 900 2144 13868 0.0036070347
MERGE: 900 8876 7713 0.0038888454
INSERT: 900 209664 899 0.056456089

QUICK: 1000 2496 13974 0.0036759377
MERGE: 1000 9976 8711 0.0044391155
INSERT: 1000 252665 999 0.062816143

QUICK: 1100 2817 16923 0.0043883324
MERGE: 1100 11152 9750 0.0050139427
INSERT: 1100 298939 1099 0.0748517513

QUICK: 1200 3140 17368 0.0046429634
MERGE: 1200 12352 10797 0.0055921078
INSERT: 1200 370917 1199 0.0922060013

QUICK: 1300 3409 19860 0.0051319599
MERGE: 1300 13552 11827 0.0059709549
INSERT: 1300 428637 1299 0.1028609276

QUICK: 1400 3680 21433 0.0055100918
MERGE: 1400 14752 12909 0.0065317154
INSERT: 1400 495603 1399 0.1228899956

QUICK: 1500 4034 22460 0.0058591366
MERGE: 1500 15952 13938 0.0069870949
INSERT: 1500 583047 1499 0.1431109905

QUICK: 1600 4433 24038 0.0062792301
MERGE: 1600 17152 15060 0.0075139999
INSERT: 1600 650286 1599 0.1617219448

QUICK: 1700 4708 27875 0.008505106
MERGE: 1700 18352 16123 0.0083730221
INSERT: 1700 735742 1699 0.1857340336

QUICK: 1800 5065 28485 0.0075099468
MERGE: 1800 19552 17219 0.0088939667
INSERT: 1800 810098 1799 0.2034077644

QUICK: 1900 5446 29078 0.0078947544
MERGE: 1900 20752 18334 0.0094938278
INSERT: 1900 901867 1899 0.2355363369

QUICK: 2000 5730 30325 0.0085408688
MERGE: 2000 21952 19441 0.010160923
INSERT: 2000 988155 1999 0.2533290386

QUICK: 2100 6142 34246 0.0089788437
MERGE: 2100 23204 20487 0.010532856
INSERT: 2100 1133448 2099 0.2955138683

QUICK: 2200 6441 34601 0.0092830658
MERGE: 2200 24504 21659 0.0110039711
INSERT: 2200 1187781 2199 0.2983560562

QUICK: 2300 6656 41208 0.0105569363
MERGE: 2300 25804 22827 0.0114853382
INSERT: 2300 1320190 2299 0.3455529213

QUICK: 2400 7098 38902 0.010969162
MERGE: 2400 27104 24044 0.0118551254
INSERT: 2400 1441887 2399 0.3635079861

QUICK: 2500 7492 39918 0.0107219219
MERGE: 2500 28404 25121 0.0127208233
INSERT: 2500 1571008 2499 0.3933770657

QUICK: 2600 7908 40572 0.0107340813
MERGE: 2600 29704 26269 0.0131082535
INSERT: 2600 1724519 2599 0.4319250584

QUICK: 2700 8153 45169 0.0116000175
MERGE: 2700 31004 27453 0.0135769844
INSERT: 2700 1802574 2699 0.4665529728

QUICK: 2800 8502 46957 0.0125119686
MERGE: 2800 32304 28601 0.016023159
INSERT: 2800 2011646 2799 0.5008120537

QUICK: 2900 8948 47519 0.0121669769
MERGE: 2900 33604 29718 0.0152719021
INSERT: 2900 2109543 2899 0.53383708

QUICK: 3000 9369 49937 0.0130970478
MERGE: 3000 34904 30928 0.0156979561
INSERT: 3000 2201458 2999 0.5448482037

QUICK: 3100 9603 51931 0.0137069225
MERGE: 3100 36204 32147 0.0161027908
INSERT: 3100 2380961 3099 0.5999009609

QUICK: 3200 10080 52547 0.0135858059
MERGE: 3200 37504 33332 0.0161919594
INSERT: 3200 2600284 3199 0.656580925

QUICK: 3300 10460 53304 0.0142860413
MERGE: 3300 38804 34386 0.0172002316
INSERT: 3300 2706149 3299 0.6861057281

QUICK: 3400 10931 56224 0.0150258541
MERGE: 3400 40104 35633 0.0178771019
INSERT: 3400 2901672 3399 0.7381911278

QUICK: 3500 11345 53832 0.0145640373
MERGE: 3500 41404 36836 0.0183730125
INSERT: 3500 3042293 3499 0.7553021908

QUICK: 3600 11681 58953 0.0176241398
MERGE: 3600 42704 38055 0.0204000473
INSERT: 3600 3214773 3599 0.8100810051

QUICK: 3700 12120 58557 0.0163679123
MERGE: 3700 44004 39235 0.0195326805
INSERT: 3700 3416712 3699 0.8565130234

QUICK: 3800 12117 70605 0.017770052
MERGE: 3800 45304 40441 0.0202431679
INSERT: 3800 3617547 3799 0.9313342571

QUICK: 3900 12654 67524 0.0177321434
MERGE: 3900 46604 41706 0.0209181309
INSERT: 3900 3854135 3899 0.9933340549

QUICK: 4000 13029 70594 0.0201888084
MERGE: 4000 47904 42783 0.0211291313
INSERT: 4000 3977393 3999 1.0050148964

QUICK: 4100 13464 67410 0.0193588734
MERGE: 4100 49208 44055 0.0238468647
INSERT: 4100 4240591 4099 1.0696430206

QUICK: 4200 13903 69370 0.0188567638
MERGE: 4200 50608 45339 0.0227267742
INSERT: 4200 4372441 4199 1.1196370125

QUICK: 4300 14199 75144 0.0199930668
MERGE: 4300 52008 46440 0.0254640579
INSERT: 4300 4577738 4299 1.165017128

QUICK: 4400 14799 74950 0.0199799538
MERGE: 4400 53408 47749 0.0244810581
INSERT: 4400 4810357 4399 1.2333230972

QUICK: 4500 15011 77708 0.0205769539
MERGE: 4500 54808 48952 0.0300850868
INSERT: 4500 5162046 4499 1.3101041317

QUICK: 4600 15419 76151 0.0209128857
MERGE: 4600 56208 50185 0.0262777805
INSERT: 4600 5227971 4599 1.3344490528

QUICK: 4700 15910 81063 0.0236439705
MERGE: 4700 57608 51522 0.0263910294
INSERT: 4700 5549347 4699 1.3911061287

QUICK: 4800 16097 87446 0.0226938725
MERGE: 4800 59008 52673 0.0264132023
INSERT: 4800 5695267 4799 1.4364771843

QUICK: 4900 16601 85654 0.0226082802
MERGE: 4900 60408 54092 0.0270490646
INSERT: 4900 6038319 4899 1.5312690735

QUICK: 5000 17058 86793 0.0244557858
MERGE: 5000 61808 55207 0.0269517899
INSERT: 5000 6258928 4999 1.5728130341

QUICK: 5100 17488 88750 0.0234808922
MERGE: 5100 63208 56514 0.0308218002
INSERT: 5100 6456511 5099 1.5887541771

QUICK: 5200 17875 89554 0.0231699944
MERGE: 5200 64608 57643 0.02790308
INSERT: 5200 6670215 5199 1.6527202129

QUICK: 5300 18407 88691 0.0260231495
MERGE: 5300 66008 59092 0.0294008255
INSERT: 5300 7044382 5299 1.74229002

QUICK: 5400 18868 88996 0.0229177475
MERGE: 5400 67408 60216 0.0296082497
INSERT: 5400 7365404 5399 1.8186712265

QUICK: 5500 19127 97484 0.0269207954
MERGE: 5500 68808 61537 0.0315859318
INSERT: 5500 7473368 5499 1.8484950066

QUICK: 5600 19694 94571 0.0251281261
MERGE: 5600 70208 62756 0.0301401615
INSERT: 5600 7712234 5599 1.896607399

QUICK: 5700 19998 102257 0.0261619091
MERGE: 5700 71608 63995 0.0319559574
INSERT: 5700 8224888 5699 2.0364861488

QUICK: 5800 20524 103298 0.0264787674
MERGE: 5800 73008 65324 0.0313637257
INSERT: 5800 8565343 5799 2.120098114

QUICK: 5900 20890 101849 0.0309619904
MERGE: 5900 74408 66603 0.0336558819
INSERT: 5900 8761064 5899 2.1868691444

QUICK: 6000 21147 106365 0.0302968025
MERGE: 6000 75808 67811 0.0330460072
INSERT: 6000 9059008 5999 2.2426149845

QUICK: 6100 21638 105507 0.0274779797
MERGE: 6100 77208 69034 0.0327980518
INSERT: 6100 9226011 6099 2.2767388821

QUICK: 6200 22023 105618 0.0299100876
MERGE: 6200 78608 70346 0.0343999863
INSERT: 6200 9618740 6199 2.3837730885

QUICK: 6300 22657 106175 0.0280721188
MERGE: 6300 80008 71685 0.035545826
INSERT: 6300 10149909 6299 2.5262849331

QUICK: 6400 22774 111820 0.028938055
MERGE: 6400 81408 72925 0.0361590385
INSERT: 6400 10242506 6399 2.5365469456

QUICK: 6500 23198 117336 0.0322186947
MERGE: 6500 82808 74173 0.0362081528
INSERT: 6500 10648759 6499 2.6349709034

QUICK: 6600 24038 111543 0.0313341618
MERGE: 6600 84208 75524 0.0368101597
INSERT: 6600 10784714 6599 2.6637878418

QUICK: 6700 24054 117865 0.0304780006
MERGE: 6700 85608 76907 0.037042141
INSERT: 6700 11200977 6699 2.7775211334

QUICK: 6800 24800 117471 0.0308532715
MERGE: 6800 87008 78181 0.0375030041
INSERT: 6800 11613443 6799 2.8670756817

QUICK: 6900 25043 121466 0.0313949585
MERGE: 6900 88408 79420 0.0407109261
INSERT: 6900 11862892 6899 2.9401278496

QUICK: 7000 25410 132225 0.0334990025
MERGE: 7000 89808 80739 0.0392010212
INSERT: 7000 12454310 6999 3.0923960209

QUICK: 7100 25870 125863 0.0331361294
MERGE: 7100 91208 82012 0.0400578976
INSERT: 7100 12587902 7099 3.1098692417

QUICK: 7200 26209 128324 0.0327281952
MERGE: 7200 92608 83266 0.0430619717
INSERT: 7200 13047430 7199 3.2465159893

QUICK: 7300 26792 125309 0.0328681469
MERGE: 7300 94008 84540 0.0460438728
INSERT: 7300 13256700 7299 3.3961861134

QUICK: 7400 27159 140915 0.0394501686
MERGE: 7400 95408 85944 0.0418522358
INSERT: 7400 13619522 7399 3.3797130585

QUICK: 7500 27689 135788 0.0372178555
MERGE: 7500 96808 87244 0.0439302921
INSERT: 7500 14342779 7499 3.6258471012

QUICK: 7600 28070 134576 0.036012888
MERGE: 7600 98208 88434 0.0462470055
INSERT: 7600 14548113 7599 3.690911293

QUICK: 7700 28113 149940 0.0377070904
MERGE: 7700 99608 89744 0.0470950603
INSERT: 7700 14796165 7699 3.7161989212

QUICK: 7800 28967 146116 0.0442419052
MERGE: 7800 101008 91033 0.0471177101
INSERT: 7800 15308079 7799 3.9394388199

QUICK: 7900 29236 145433 0.0407869816
MERGE: 7900 102408 92303 0.0447831154
INSERT: 7900 15479007 7899 3.9168488979

QUICK: 8000 29775 143970 0.0371677876
MERGE: 8000 103808 93706 0.0493340492
INSERT: 8000 16056779 7999 4.0040299892

QUICK: 8100 30402 146354 0.0382232666
MERGE: 8100 105208 94915 0.0518941879
INSERT: 8100 16323818 8099 4.1674258709

QUICK: 8200 30947 141331 0.0372521877
MERGE: 8200 106616 96248 0.0468921661
INSERT: 8200 16943613 8199 4.3351018429

QUICK: 8300 31075 147624 0.0411000252
MERGE: 8300 108116 97467 0.0567862988
INSERT: 8300 17203819 8299 4.3967270851

QUICK: 8400 31479 152101 0.0395209789
MERGE: 8400 109616 99015 0.0544769764
INSERT: 8400 17666670 8399 4.41097188

QUICK: 8500 32172 149530 0.0390641689
MERGE: 8500 111116 100240 0.0501680374
INSERT: 8500 18399844 8499 4.6966409683

QUICK: 8600 32543 157414 0.040902853
MERGE: 8600 112616 101592 0.051074028
INSERT: 8600 18503450 8599 4.716663599

QUICK: 8700 33366 147867 0.0391688347
MERGE: 8700 114116 103008 0.0524568558
INSERT: 8700 18996956 8699 4.8224639893

QUICK: 8800 32415 190884 0.0492620468
MERGE: 8800 115616 104263 0.0530679226
INSERT: 8800 19328007 8799 4.8984200954

QUICK: 8900 33472 164087 0.042071104
MERGE: 8900 117116 105657 0.0527489185
INSERT: 8900 19752864 8899 4.9262337685

QUICK: 9000 34771 153587 0.0417969227
MERGE: 9000 118616 106996 0.051099062
INSERT: 9000 20388527 8999 5.0714440346

QUICK: 9100 34870 160474 0.0420601368
MERGE: 9100 120116 108307 0.052106142
INSERT: 9100 20914138 9099 5.2129380703

QUICK: 9200 34453 180849 0.0456991196
MERGE: 9200 121616 109497 0.0545990467
INSERT: 9200 21158986 9199 5.2420508862

QUICK: 9300 35654 172320 0.0464861393
MERGE: 9300 123116 110907 0.0532002449
INSERT: 9300 21994278 9299 5.4689240456

QUICK: 9400 35936 177982 0.0453081131
MERGE: 9400 124616 112449 0.0529968739
INSERT: 9400 22229328 9399 5.521584034

QUICK: 9500 36378 173850 0.0449111462
MERGE: 9500 126116 113617 0.0594968796
INSERT: 9500 22403305 9499 5.5644648075

QUICK: 9600 36718 184066 0.0481116772
MERGE: 9600 127616 115075 0.0554909706
INSERT: 9600 23144404 9599 5.7441232204

QUICK: 9700 37549 172895 0.0453951359
MERGE: 9700 129116 116378 0.0594587326
INSERT: 9700 23952750 9699 5.9440550804

QUICK: 9800 38249 173400 0.0490269661
MERGE: 9800 130616 117811 0.0561180115
INSERT: 9800 24564263 9799 6.082392931

QUICK: 9900 38305 180278 0.0470969677
MERGE: 9900 132116 119095 0.0566411018
INSERT: 9900 24620606 9899 6.1032776833

QUICK: 10000 38651 188846 0.0484259129
MERGE: 10000 133616 120344 0.059401989
INSERT: 10000 25458351 9999 6.4104430676

QUICK: 100 151 968 0.0002651215
MERGE: 100 672 543 0.0003552437
INSERT: 100 2419 99 0.0005466938

QUICK: 200 362 2297 0.0005829334
MERGE: 200 1544 1282 0.0007071495
INSERT: 200 9896 199 0.0022211075

QUICK: 300 604 3394 0.0009160042
MERGE: 300 2488 2110 0.0011518002
INSERT: 300 23355 299 0.0053629875

QUICK: 400 865 4881 0.0012700558
MERGE: 400 3488 2957 0.0015621185
INSERT: 400 39442 399 0.0093510151

QUICK: 500 1113 6385 0.0016613007
MERGE: 500 4488 3862 0.0020411015
INSERT: 500 62868 499 0.0147199631

QUICK: 600 1352 7979 0.0020890236
MERGE: 600 5576 4796 0.0025398731
INSERT: 600 90336 599 0.0216948986

QUICK: 700 1639 9205 0.0025610924
MERGE: 700 6676 5748 0.0029978752
INSERT: 700 128711 699 0.0345561504

QUICK: 800 1843 11637 0.0031149387
MERGE: 800 7776 6737 0.0034759045
INSERT: 800 168134 799 0.0405020714

QUICK: 900 2210 12495 0.0034329891
MERGE: 900 8876 7736 0.0040283203
INSERT: 900 207723 899 0.0495738983

QUICK: 1000 2480 14842 0.0041639805
MERGE: 1000 9976 8720 0.006114006
INSERT: 1000 249093 999 0.0601978302

QUICK: 1100 2873 15213 0.0039958954
MERGE: 1100 11152 9742 0.0048761368
INSERT: 1100 308557 1099 0.0745470524

QUICK: 1200 3142 16569 0.0045711994
MERGE: 1200 12352 10774 0.0064690113
INSERT: 1200 369661 1199 0.0890078545

QUICK: 1300 3368 20024 0.0051820278
MERGE: 1300 13552 11800 0.0059809685
INSERT: 1300 430203 1299 0.1097309589

QUICK: 1400 3752 21897 0.0055811405
MERGE: 1400 14752 12882 0.0065019131
INSERT: 1400 494941 1399 0.1217467785

QUICK: 1500 4018 22854 0.0061900616
MERGE: 1500 15952 13926 0.0075190067
INSERT: 1500 568430 1499 0.1399142742

QUICK: 1600 4441 23787 0.0062057972
MERGE: 1600 17152 15103 0.0075309277
INSERT: 1600 643707 1599 0.1566689014

QUICK: 1700 4731 25841 0.0066587925
MERGE: 1700 18352 16107 0.0078980923
INSERT: 1700 722871 1699 0.175839901

QUICK: 1800 5050 27591 0.0071799755
MERGE: 1800 19552 17220 0.0085470676
INSERT: 1800 806434 1799 0.1995289326

QUICK: 1900 5328 30665 0.0076038837
MERGE: 1900 20752 18321 0.0088882446
INSERT: 1900 889661 1899 0.2178189754

QUICK: 2000 5613 35862 0.0089001656
MERGE: 2000 21952 19439 0.0095970631
INSERT: 2000 996276 1999 0.2440910339

QUICK: 2100 6025 33285 0.0085160732
MERGE: 2100 23204 20555 0.0100610256
INSERT: 2100 1098880 2099 0.2705841064

QUICK: 2200 6477 34668 0.0089359283
MERGE: 2200 24504 21698 0.010563612
INSERT: 2200 1244739 2199 0.3065910339

QUICK: 2300 6766 36575 0.0094447136
MERGE: 2300 25804 22792 0.0113096237
INSERT: 2300 1334178 2299 0.3270411491

QUICK: 2400 7169 37751 0.0096161366
MERGE: 2400 27104 23945 0.0114769936
INSERT: 2400 1414112 2399 0.3438630104

QUICK: 2500 7511 38887 0.0099039078
MERGE: 2500 28404 25110 0.0142700672
INSERT: 2500 1569306 2499 0.3825440407

QUICK: 2600 7947 40628 0.0106711388
MERGE: 2600 29704 26271 0.0138030052
INSERT: 2600 1717341 2599 0.4192321301

QUICK: 2700 8108 45046 0.0116012096
MERGE: 2700 31004 27387 0.0135648251
INSERT: 2700 1887442 2699 0.4739718437

QUICK: 2800 8505 48077 0.0121898651
MERGE: 2800 32304 28554 0.013808012
INSERT: 2800 1965741 2799 0.4687218666

QUICK: 2900 8992 47506 0.0119681358
MERGE: 2900 33604 29753 0.0144379139
INSERT: 2900 2106663 2899 0.5066130161

QUICK: 3000 9352 49455 0.0130400658
MERGE: 3000 34904 30915 0.0149533749
INSERT: 3000 2264527 2999 0.5470938683

QUICK: 3100 9691 51795 0.0132820606
MERGE: 3100 36204 32079 0.0156559944
INSERT: 3100 2367407 3099 0.5702970028

QUICK: 3200 10050 52836 0.0132939816
MERGE: 3200 37504 33322 0.0156769753
INSERT: 3200 2533377 3199 0.6129999161

QUICK: 3300 10261 59037 0.0148911476
MERGE: 3300 38804 34491 0.0167729855
INSERT: 3300 2677334 3299 0.64453125

QUICK: 3400 10864 54921 0.0143718719
MERGE: 3400 40104 35645 0.0171220303
INSERT: 3400 2934579 3399 0.7056348324

QUICK: 3500 11083 59866 0.0157060623
MERGE: 3500 41404 36830 0.01968503
INSERT: 3500 3144410 3499 0.7614052296

QUICK: 3600 11485 61203 0.0155000687
MERGE: 3600 42704 38033 0.0181939602
INSERT: 3600 3259077 3599 0.7864561081

QUICK: 3700 12015 60751 0.0157017708
MERGE: 3700 44004 39197 0.0187439919
INSERT: 3700 3464912 3699 0.8312840462

QUICK: 3800 12320 64868 0.0172290802
MERGE: 3800 45304 40405 0.0211558342
INSERT: 3800 3633057 3799 0.8856217861

QUICK: 3900 12595 65891 0.0166020393
MERGE: 3900 46604 41636 0.0201048851
INSERT: 3900 3761943 3899 0.9035360813

QUICK: 4000 13228 65980 0.0168950558
MERGE: 4000 47904 42837 0.0205280781
INSERT: 4000 4084391 3999 0.9859149456

QUICK: 4100 13566 66406 0.0175180435
MERGE: 4100 49208 43959 0.02135396
INSERT: 4100 4183991 4099 0.9964249134

QUICK: 4200 13825 72923 0.018332243
MERGE: 4200 50608 45293 0.0216798782
INSERT: 4200 4435574 4199 1.0685498714

QUICK: 4300 14330 72573 0.018652916
MERGE: 4300 52008 46523 0.0224299431
INSERT: 4300 4573879 4299 1.1044631004

QUICK: 4400 14724 76677 0.0194990635
MERGE: 4400 53408 47732 0.0233449936
INSERT: 4400 4794727 4399 1.1462173462

QUICK: 4500 15025 79398 0.0199878216
MERGE: 4500 54808 48960 0.023567915
INSERT: 4500 5141794 4499 1.2305040359

QUICK: 4600 15494 76159 0.0197088718
MERGE: 4600 56208 50270 0.0241479874
INSERT: 4600 5303294 4599 1.2683398724

QUICK: 4700 15889 77611 0.0209028721
MERGE: 4700 57608 51476 0.0251631737
INSERT: 4700 5607713 4699 1.345004797

QUICK: 4800 16336 82255 0.0208041668
MERGE: 4800 59008 52784 0.0252091885
INSERT: 4800 5841963 4799 1.4205858707

QUICK: 4900 16726 82752 0.021420002
MERGE: 4900 60408 53920 0.025952816
INSERT: 4900 6088054 4899 1.458573103

QUICK: 5000 17021 88235 0.0224099159
MERGE: 5000 61808 55238 0.0266001225
INSERT: 5000 6185992 4999 1.4822080135

QUICK: 5100 17556 88709 0.0225217342
MERGE: 5100 63208 56479 0.0267348289
INSERT: 5100 6505295 5099 1.5509421825

QUICK: 5200 17983 88942 0.0235280991
MERGE: 5200 64608 57717 0.0275728703
INSERT: 5200 6868826 5199 1.6458418369

QUICK: 5300 18304 91670 0.0231580734
MERGE: 5300 66008 58942 0.0287008286
INSERT: 5300 7018781 5299 1.6796419621

QUICK: 5400 18890 90251 0.0241820812
MERGE: 5400 67408 60202 0.0300469398
INSERT: 5400 7217176 5399 1.7227809429

QUICK: 5500 19237 95637 0.024668932
MERGE: 5500 68808 61587 0.0294001102
INSERT: 5500 7561113 5499 1.8112249374

QUICK: 5600 19340 97947 0.0247969627
MERGE: 5600 70208 62844 0.0307378769
INSERT: 5600 7736194 5599 1.8543741703

QUICK: 5700 20013 98957 0.0251147747
MERGE: 5700 71608 64031 0.0299608707
INSERT: 5700 8178696 5699 1.9578509331

QUICK: 5800 20589 97030 0.0248579979
MERGE: 5800 73008 65311 0.0323331356
INSERT: 5800 8401327 5799 2.0132651329

QUICK: 5900 20600 108715 0.0269999504
MERGE: 5900 74408 66529 0.0314021111
INSERT: 5900 8601179 5899 2.0685148239

QUICK: 6000 21384 104494 0.0267677307
MERGE: 6000 75808 67876 0.0323779583
INSERT: 6000 9122355 5999 2.1759738922

QUICK: 6100 21681 106223 0.0273470879
MERGE: 6100 77208 69090 0.0330872536
INSERT: 6100 9317871 6099 2.2275738716

QUICK: 6200 22169 103919 0.0270049572
MERGE: 6200 78608 70371 0.0343680382
INSERT: 6200 9608178 6199 2.2959187031

QUICK: 6300 22581 109099 0.0276157856
MERGE: 6300 80008 71578 0.0347447395
INSERT: 6300 9894146 6299 2.3668298721

QUICK: 6400 22970 110348 0.0283029079
MERGE: 6400 81408 72994 0.0353589058
INSERT: 6400 10225072 6399 2.4519093037

QUICK: 6500 23607 110917 0.0286209583
MERGE: 6500 82808 74240 0.0356140137
INSERT: 6500 10454211 6499 2.5104911327

QUICK: 6600 23754 115720 0.0303320885
MERGE: 6600 84208 75454 0.0372941494
INSERT: 6600 11035270 6599 2.686630249

QUICK: 6700 24430 112758 0.0303840637
MERGE: 6700 85608 76777 0.0379090309
INSERT: 6700 11303729 6699 2.735490799

QUICK: 6800 24608 118946 0.0301129818
MERGE: 6800 87008 78113 0.0376758575
INSERT: 6800 11559223 6799 2.8708398342

QUICK: 6900 25154 117886 0.0301089287
MERGE: 6900 88408 79338 0.0376851559
INSERT: 6900 11789857 6899 2.8361430168

QUICK: 7000 25725 118808 0.0307657719
MERGE: 7000 89808 80679 0.0381932259
INSERT: 7000 12186061 6999 2.9358310699

QUICK: 7100 26179 119758 0.0329458714
MERGE: 7100 91208 82026 0.0401580334
INSERT: 7100 12541812 7099 3.0114529133

QUICK: 7200 25985 137848 0.0341339111
MERGE: 7200 92608 83284 0.0397720337
INSERT: 7200 12886324 7199 3.0935711861

QUICK: 7300 27134 126166 0.0347497463
MERGE: 7300 94008 84601 0.0409328938
INSERT: 7300 13233581 7299 3.1714482307

QUICK: 7400 27220 128039 0.0328240395
MERGE: 7400 95408 85850 0.040353775
INSERT: 7400 13774500 7399 3.3093960285

QUICK: 7500 27178 144021 0.0371460915
MERGE: 7500 96808 87142 0.0414862633
INSERT: 7500 14260324 7499 3.4159390926

QUICK: 7600 27893 140105 0.0356740952
MERGE: 7600 98208 88401 0.0416929722
INSERT: 7600 14421062 7599 3.4536502361

QUICK: 7700 28625 140041 0.0354139805
MERGE: 7700 99608 89807 0.0432229042
INSERT: 7700 14744291 7699 3.5344247818

QUICK: 7800 29122 137156 0.0348541737
MERGE: 7800 101008 91092 0.043970108
INSERT: 7800 15282560 7799 3.6612119675

QUICK: 7900 29322 140789 0.0367209911
MERGE: 7900 102408 92342 0.0446510315
INSERT: 7900 15867820 7899 3.7898807526

QUICK: 8000 29815 143795 0.0367238522
MERGE: 8000 103808 93624 0.0460820198
INSERT: 8000 16029026 7999 3.8428328037

QUICK: 8100 30299 148783 0.0377781391
MERGE: 8100 105208 94938 0.0451960564
INSERT: 8100 16478785 8099 3.9478027821

QUICK: 8200 30512 145823 0.0372540951
MERGE: 8200 106616 96218 0.0458118916
INSERT: 8200 16721923 8199 3.9958548546

QUICK: 8300 31257 146681 0.0398182869
MERGE: 8300 108116 97545 0.0468640327
INSERT: 8300 17175362 8299 4.1138999462

QUICK: 8400 31579 151897 0.0389668941
MERGE: 8400 109616 99046 0.0471339226
INSERT: 8400 17673968 8399 4.225258112

QUICK: 8500 32288 149782 0.0387089252
MERGE: 8500 111116 100330 0.0477230549
INSERT: 8500 17998962 8499 4.3088970184

QUICK: 8600 32892 147392 0.0381450653
MERGE: 8600 112616 101657 0.0509178638
INSERT: 8600 18293576 8599 4.3733680248

QUICK: 8700 32865 153601 0.0392568111
MERGE: 8700 114116 102936 0.0485708714
INSERT: 8700 18976374 8699 4.5390748978

QUICK: 8800 33320 160712 0.0414540768
MERGE: 8800 115616 104245 0.0493400097
INSERT: 8800 19327059 8799 4.6382799149

QUICK: 8900 33686 162859 0.041312933
MERGE: 8900 117116 105658 0.0502400398
INSERT: 8900 19670299 8899 4.7146859169

QUICK: 9000 34421 159647 0.0417678356
MERGE: 9000 118616 106972 0.0505568981
INSERT: 9000 20297305 8999 4.8621909618

QUICK: 9100 34453 174162 0.044162035
MERGE: 9100 120116 108399 0.0517807007
INSERT: 9100 20663401 9099 4.9328079224

QUICK: 9200 35300 167391 0.0435488224
MERGE: 9200 121616 109725 0.0522890091
INSERT: 9200 21156041 9199 5.0619828701

QUICK: 9300 35650 166163 0.0426030159
MERGE: 9300 123116 111022 0.0521390438
INSERT: 9300 21714124 9299 5.1960132122

QUICK: 9400 36037 173033 0.0446488857
MERGE: 9400 124616 112288 0.0532500744
INSERT: 9400 22197651 9399 5.3302867413

QUICK: 9500 36484 174262 0.0448739529
MERGE: 9500 126116 113723 0.0535988808
INSERT: 9500 22492166 9499 5.3795571327

QUICK: 9600 37410 165193 0.0442349911
MERGE: 9600 127616 115053 0.0551228523
INSERT: 9600 22872982 9599 5.4840359688

QUICK: 9700 37433 178314 0.0467662811
MERGE: 9700 129116 116339 0.0550811291
INSERT: 9700 23791076 9699 5.7263760567

QUICK: 9800 37955 179168 0.0465250015
MERGE: 9800 130616 117757 0.055883646
INSERT: 9800 24120902 9799 5.7844331264

QUICK: 9900 38427 176183 0.0455722809
MERGE: 9900 132116 119042 0.0569992065
INSERT: 9900 24281607 9899 5.8451871872

QUICK: 10000 38596 182805 0.0476160049
MERGE: 10000 133616 120479 0.0573801994
INSERT: 10000 25062568 9999 5.9946157932

