100 1 9 15 9
200 1 15 21 21
300 1 13 17 12
400 1 9 15 17
500 1 21 41 20
600 1 23 17 18
700 1 13 33 18
800 1 13 51 21
900 1 35 45 18
1000 1 13 47 29
1100 1 17 37 14
1200 1 35 9 29
1300 1 41 21 32
1400 1 33 41 24
1500 1 33 7 28
1600 1 23 29 25
1700 1 37 47 39
1800 1 17 31 24
1900 1 21 9 32
2000 1 77 9 26
2100 1 13 45 36
2200 1 35 61 29
2300 1 33 61 39
2400 1 43 141 40
2500 1 39 41 32
2600 1 33 45 39
2700 1 65 13 32
2800 1 7 17 26
2900 1 13 33 45
3000 1 9 75 32
3100 1 13 71 37
3200 1 53 41 35
3300 1 39 15 30
3400 1 33 63 35
3500 1 71 31 28
3600 1 11 35 33
3700 1 23 35 37
3800 1 27 25 31
3900 1 47 59 26
4000 1 49 9 25
4100 1 35 31 37
4200 1 21 31 21
4300 1 213 21 25
4400 1 43 7 60
4500 1 49 13 43
4600 1 47 53 31
4700 1 33 77 35
4800 1 35 13 36
4900 1 77 9 34
5000 1 35 7 38
5100 1 49 9 35
5200 1 57 27 44
5300 1 9 9 29
5400 1 9 37 43
5500 1 83 57 36
5600 1 21 73 48
5700 1 59 7 27
5800 1 27 41 35
5900 1 13 29 31
6000 1 25 45 40
6100 1 11 19 31
6200 1 39 41 30
6300 1 43 61 27
6400 1 89 33 28
6500 1 35 9 30
6600 1 13 31 40
6700 1 15 61 36
6800 1 17 77 23
6900 1 51 41 50
7000 1 77 45 34
7100 1 17 57 37
7200 1 37 21 38
7300 1 47 97 31
7400 1 27 21 38
7500 1 9 65 33
7600 1 51 25 35
7700 1 47 37 30
7800 1 23 45 40
7900 1 43 9 25
8000 1 43 39 45
8100 1 7 21 55
8200 1 7 21 42
8300 1 21 19 51
8400 1 9 75 41
8500 1 27 27 45
8600 1 51 41 31
8700 1 7 161 29
8800 1 95 7 36
8900 1 41 65 38
9000 1 49 21 41
9100 1 27 49 32
9200 1 51 45 28
9300 1 63 35 26
9400 1 53 17 37
9500 1 13 43 32
9600 1 55 55 45
9700 1 21 71 36
9800 1 15 17 37
9900 1 81 17 26
10000 1 75 31 43
