100 17 17 13 13
200 19 19 13 17
300 21 21 17 16
400 21 21 13 19
500 21 21 17 18
600 23 23 17 21
700 23 23 19 20
800 23 23 13 21
900 23 23 19 18
1000 23 23 17 20
1100 25 25 21 21
1200 25 25 17 22
1300 25 25 21 24
1400 25 25 19 23
1500 25 25 21 22
1600 25 25 13 22
1700 25 25 21 23
1800 25 25 19 24
1900 25 25 21 22
2000 25 25 17 23
2100 27 27 23 25
2200 27 27 21 24
2300 27 27 23 24
2400 27 27 17 25
2500 27 27 23 23
2600 27 27 21 25
2700 27 27 23 25
2800 27 27 19 24
2900 27 27 23 26
3000 27 27 21 26
