100 13 5 17 7
200 15 11 7 10
300 17 21 27 11
400 19 11 25 11
500 23 7 17 10
600 21 23 7 12
700 23 13 13 15
800 23 13 17 12
900 25 9 17 17
1000 25 17 17 16
1100 23 5 33 12
1200 23 29 3 17
1300 23 17 5 14
1400 23 21 19 20
1500 23 19 1 17
1600 23 11 17 13
1700 25 29 21 13
1800 25 5 23 14
1900 25 25 3 19
2000 25 23 3 17
2100 25 11 19 16
2200 25 23 27 11
2300 25 17 13 19
2400 25 23 25 12
2500 25 19 31 18
2600 25 29 21 18
2700 27 27 5 11
2800 27 1 5 19
2900 27 5 15 19
3000 27 3 19 17
3100 27 5 21 21
3200 27 7 31 10
3300 27 17 31 21
3400 27 31 27 22
3500 29 27 17 17
3600 29 21 15 14
3700 29 17 31 11
3800 29 21 35 13
3900 29 19 31 17
4000 29 29 3 16
4100 29 15 37 19
4200 29 7 17 15
4300 29 35 9 16
4400 29 29 1 24
4500 29 21 5 14
4600 29 23 31 22
4700 29 23 13 16
4800 29 9 13 15
4900 29 13 3 16
5000 31 29 1 15
5100 31 23 3 13
5200 31 21 13 21
5300 31 3 3 17
5400 31 3 21 21
5500 31 17 27 13
5600 31 5 17 18
5700 31 31 1 20
5800 31 17 11 21
5900 31 5 29 19
6000 31 11 31 13
6100 31 19 29 19
6200 31 33 31 17
6300 31 21 25 18
6400 31 17 19 21
6500 33 27 3 10
6600 33 13 31 18
6700 33 33 25 22
6800 33 5 13 19
6900 33 23 35 19
7000 33 13 19 19
7100 33 5 31 20
7200 33 17 31 21
7300 33 15 25 20
7400 33 13 5 17
7500 33 3 31 19
7600 33 15 17 18
7700 33 19 25 18
7800 33 27 27 20
7900 33 35 3 18
8000 31 25 31 16
8100 31 1 9 22
8200 33 1 5 14
8300 33 5 17 13
8400 33 3 17 19
8500 31 13 15 19
8600 31 31 11 18
8700 33 1 39 17
8800 33 23 1 21
8900 33 19 39 13
9000 33 35 33 21
9100 33 13 31 19
9200 35 31 17 20
9300 35 35 7 16
9400 35 15 5 12
9500 35 5 27 18
9600 37 31 33 20
9700 37 13 9 25
9800 37 23 5 18
9900 35 31 5 15
10000 35 17 29 17
