100 22 14 2 10.0
200 32 16 2 16.4
300 32 24 2 13.0
400 56 16 2 22.6
500 74 18 6 33.8
600 66 28 2 21.2
700 60 12 2 16.6
800 68 14 2 17.2
900 70 12 2 18.4
1000 64 8 2 19.8
1100 54 10 2 24.0
1200 74 20 2 29.6
1300 68 16 2 21.4
1400 64 42 2 18.2
1500 78 24 2 23.2
1600 76 14 2 22.8
1700 96 36 2 14.4
1800 92 14 2 21.2
1900 76 32 2 14.6
2000 82 10 2 18.4
2100 88 22 2 19.8
2200 84 26 2 25.6
2300 26 32 2 22.0
2400 44 24 8 20.8
2500 44 34 2 21.2
2600 46 32 2 18.8
2700 34 12 2 19.4
2800 32 20 2 23.8
2900 44 26 10 24.4
3000 52 8 2 24.2
3100 42 4 2 25.2
3200 48 28 2 20.2
3300 26 30 18 21.8
3400 32 40 20 25.2
3500 24 34 2 25.4
3600 22 36 2 19.4
3700 28 22 2 26.4
3800 20 38 2 34.2
3900 28 18 22 28.6
4000 26 26 2 16.0
4100 32 24 2 20.8
4200 30 14 2 18.4
4300 22 14 2 27.0
4400 34 28 2 23.0
4500 44 32 2 26.6
4600 36 44 2 22.2
4700 42 26 2 17.8
4800 32 22 2 22.8
4900 42 12 2 31.2
5000 26 38 2 30.4
5100 48 40 2 23.4
5200 32 18 2 21.2
5300 46 2 2 35.2
5400 30 10 2 25.2
5500 26 34 2 23.8
5600 38 6 2 27.2
5700 46 46 2 24.8
5800 30 14 2 16.6
5900 42 4 16 26.0
6000 40 44 22 25.6
6100 40 32 22 24.0
6200 52 34 2 24.0
6300 40 28 22 27.8
6400 52 38 2 29.8
6500 54 46 2 21.6
6600 42 12 2 28.6
6700 54 32 2 22.8
6800 42 14 2 18.6
6900 50 34 2 22.2
7000 40 28 16 25.8
7100 40 14 2 23.6
7200 40 28 2 24.4
7300 60 16 2 24.2
7400 66 18 2 32.2
7500 46 18 2 28.2
7600 48 18 2 26.6
7700 58 50 2 29.6
7800 46 18 14 29.4
7900 54 62 2 17.6
8000 54 14 14 24.2
8100 48 16 2 24.4
8200 64 14 2 20.8
8300 60 8 2 28.0
8400 40 12 2 30.2
8500 50 34 2 28.6
8600 40 30 2 23.8
8700 18 10 12 29.6
8800 14 40 2 23.2
8900 30 30 14 22.0
9000 24 34 2 24.6
9100 30 28 24 23.8
9200 32 32 2 23.2
9300 32 64 2 19.6
9400 26 8 2 28.0
9500 28 12 20 26.2
9600 34 44 2 22.4
9700 28 8 2 25.8
9800 30 30 2 22.0
9900 30 20 2 21.6
10000 36 12 2 24.6
