100 7.0 6.0
200 8.0 7.0
300 9.0 8.0
400 9.0 8.0
500 9.0 8.0
600 10.0 9.0
700 10.0 9.0
800 10.0 9.0
900 10.0 9.0
1000 10.0 9.0
1100 11.0 10.0
1200 11.0 10.0
1300 11.0 10.0
1400 11.0 10.0
1500 11.0 10.0
1600 11.0 10.0
1700 11.0 10.0
1800 11.0 10.0
1900 11.0 10.0
2000 11.0 10.0
2100 12.0 11.0
2200 12.0 11.0
2300 12.0 11.0
2400 12.0 11.0
2500 12.0 11.0
2600 12.0 11.0
2700 12.0 11.0
2800 12.0 11.0
2900 12.0 11.0
3000 12.0 11.0
3100 12.0 11.0
3200 12.0 11.0
3300 12.0 11.0
3400 12.0 11.0
3500 12.0 11.0
3600 12.0 11.0
3700 12.0 11.0
3800 12.0 11.0
3900 12.0 11.0
4000 12.0 11.0
4100 13.0 12.0
4200 13.0 12.0
4300 13.0 12.0
4400 13.0 12.0
4500 13.0 12.0
4600 13.0 12.0
4700 13.0 12.0
4800 13.0 12.0
4900 13.0 12.0
5000 13.0 12.0
