100 1.0 0.0
200 1.0 0.0
300 1.0 0.0
400 1.0 0.0
500 1.0 0.0
600 1.0 0.0
700 1.0 0.0
800 1.0 0.0
900 1.0 0.0
1000 1.0 0.0
1100 1.0 0.0
1200 1.0 0.0
1300 1.0 0.0
1400 1.0 0.0
1500 1.0 0.0
1600 1.0 0.0
1700 1.0 0.0
1800 1.0 0.0
1900 1.0 0.0
2000 1.0 0.0
2100 1.0 0.0
2200 1.0 0.0
2300 1.0 0.0
2400 1.0 0.0
2500 1.0 0.0
2600 1.0 0.0
2700 1.0 0.0
2800 1.0 0.0
2900 1.0 0.0
3000 1.0 0.0
3100 1.0 0.0
3200 1.0 0.0
3300 1.0 0.0
3400 1.0 0.0
3500 1.0 0.0
3600 1.0 0.0
3700 1.0 0.0
3800 1.0 0.0
3900 1.0 0.0
4000 1.0 0.0
4100 1.0 0.0
4200 1.0 0.0
4300 1.0 0.0
4400 1.0 0.0
4500 1.0 0.0
4600 1.0 0.0
4700 1.0 0.0
4800 1.0 0.0
4900 1.0 0.0
5000 1.0 0.0
