100 1.7333333333333334 0.7333333333333333
200 2.066666666666667 1.0666666666666667
300 1.8 0.8
400 2.8666666666666667 1.8666666666666667
500 2.4 1.4
600 2.066666666666667 1.0666666666666667
700 2.1333333333333333 1.1333333333333333
800 2.2666666666666666 1.2666666666666666
900 1.8 0.8
1000 2.533333333333333 1.5333333333333334
1100 2.066666666666667 1.0666666666666667
1200 1.6 0.6
1300 1.9333333333333333 0.9333333333333333
1400 2.8666666666666667 1.8666666666666667
1500 1.6666666666666667 0.6666666666666666
1600 3.2 2.2
1700 2.066666666666667 1.0666666666666667
1800 2.7333333333333334 1.7333333333333334
1900 1.5333333333333334 0.5333333333333333
2000 2.2666666666666666 1.2666666666666666
2100 1.8 0.8
2200 1.6666666666666667 0.6666666666666666
2300 3.0 2.0
2400 3.0 2.0
2500 1.7333333333333334 0.7333333333333333
2600 3.2 2.2
2700 1.8666666666666667 0.8666666666666667
2800 1.2 0.2
2900 1.8 0.8
3000 1.8 0.8
3100 2.1333333333333333 1.1333333333333333
3200 2.533333333333333 1.5333333333333334
3300 2.1333333333333333 1.1333333333333333
3400 1.9333333333333333 0.9333333333333333
3500 2.8666666666666667 1.8666666666666667
3600 3.0 2.0
3700 2.066666666666667 1.0666666666666667
3800 1.4666666666666666 0.4666666666666667
3900 1.2 0.2
4000 1.4666666666666666 0.4666666666666667
4100 2.066666666666667 1.0666666666666667
4200 1.4 0.4
4300 3.0 2.0
4400 2.066666666666667 1.0666666666666667
4500 1.8666666666666667 0.8666666666666667
4600 3.1333333333333333 2.1333333333333333
4700 1.5333333333333334 0.5333333333333333
4800 3.1333333333333333 2.1333333333333333
4900 2.1333333333333333 1.1333333333333333
5000 2.8666666666666667 1.8666666666666667
