100 6.0 5.0
200 8.0 7.0
300 9.0 8.0
400 9.0 8.0
500 10.0 9.0
600 9.0 8.0
700 9.0 8.0
800 9.0 8.0
900 9.0 8.0
1000 11.0 10.0
1100 11.0 10.0
1200 11.0 10.0
1300 11.0 10.0
1400 12.0 11.0
1500 12.0 11.0
1600 12.0 11.0
1700 12.0 11.0
1800 12.0 11.0
1900 12.0 11.0
2000 12.0 11.0
2100 13.0 12.0
2200 13.0 12.0
2300 13.0 12.0
2400 12.0 11.0
2500 12.0 11.0
2600 13.0 12.0
2700 13.0 12.0
2800 13.0 12.0
2900 13.0 12.0
3000 13.0 12.0
3100 12.0 11.0
3200 13.0 12.0
3300 13.0 12.0
3400 13.0 12.0
3500 12.0 11.0
3600 13.0 12.0
3700 13.0 12.0
3800 13.0 12.0
3900 13.0 12.0
4000 13.0 12.0
4100 13.0 12.0
4200 14.0 13.0
4300 13.0 12.0
4400 14.0 13.0
4500 13.0 12.0
4600 14.0 13.0
4700 14.0 13.0
4800 14.0 13.0
4900 14.0 13.0
5000 14.0 13.0
