100 100.66666666666667 0.6666666666666666
200 200.6 0.6
300 301.46666666666664 1.4666666666666666
400 401.6 1.6
500 501.4 1.4
600 601.1333333333333 1.1333333333333333
700 702.0666666666667 2.066666666666667
800 801.5333333333333 1.5333333333333334
900 902.2666666666667 2.2666666666666666
1000 1002.9333333333333 2.933333333333333
1100 1101.2666666666667 1.2666666666666666
1200 1203.9333333333334 3.933333333333333
1300 1304.0 4.0
1400 1404.0 4.0
1500 1503.0 3.0
1600 1603.1333333333334 3.1333333333333333
1700 1703.6 3.6
1800 1802.8 2.8
1900 1905.0666666666666 5.066666666666666
2000 2005.5333333333333 5.533333333333333
2100 2104.266666666667 4.266666666666667
2200 2205.3333333333335 5.333333333333333
2300 2305.5333333333333 5.533333333333333
2400 2406.0 6.0
2500 2505.6 5.6
2600 2607.133333333333 7.133333333333334
2700 2708.8 8.8
2800 2806.5333333333333 6.533333333333333
2900 2905.5333333333333 5.533333333333333
3000 3007.5333333333333 7.533333333333333
3100 3107.4666666666667 7.466666666666667
3200 3207.9333333333334 7.933333333333334
3300 3310.0666666666666 10.066666666666666
3400 3409.9333333333334 9.933333333333334
3500 3509.5333333333333 9.533333333333333
3600 3606.866666666667 6.866666666666666
3700 3710.266666666667 10.266666666666667
3800 3810.8 10.8
3900 3909.6666666666665 9.666666666666666
4000 4011.4 11.4
4100 4110.266666666666 10.266666666666667
4200 4210.466666666666 10.466666666666667
4300 4312.666666666667 12.666666666666666
4400 4412.4 12.4
4500 4513.133333333333 13.133333333333333
4600 4611.266666666666 11.266666666666667
4700 4708.4 8.4
4800 4811.533333333334 11.533333333333333
4900 4911.066666666667 11.066666666666666
5000 5012.333333333333 12.333333333333334
