100 3.6382675170898437e-06 4.05311584472656e-06 2.86102294921875e-06 2.14576721191406e-06 9.5367431640625e-07 1.9073486328125e-06
200 1.7009973526000976e-05 6.19888305664062e-06 9.5367431640625e-07 2.14576721191406e-06 1.19209289550781e-06 1.19209289550781e-06
300 3.98397445678711e-06 6.19888305664062e-06 9.5367431640625e-07 9.5367431640625e-07 1.19209289550781e-06 1.9073486328125e-06
400 4.155635833740234e-06 7.15255737304688e-06 1.19209289550781e-06 2.14576721191406e-06 9.5367431640625e-07 9.5367431640625e-07
500 4.4817924499511715e-06 5.96046447753906e-06 9.5367431640625e-07 9.5367431640625e-07 9.5367431640625e-07 2.14576721191406e-06
600 4.31060791015625e-06 3.814697265625e-06 9.5367431640625e-07 7.1525573730469e-07 1.19209289550781e-06 9.5367431640625e-07
700 4.4723919459751675e-06 7.15255737304688e-06 0.0 1.9073486328125e-06 9.5367431640625e-07 1.9073486328125e-06
800 9.943246841430664e-06 5.96046447753906e-06 1.19209289550781e-06 1.9073486328125e-06 9.5367431640625e-07 2.14576721191406e-06
900 4.509554968939887e-06 7.15255737304688e-06 1.19209289550781e-06 2.14576721191406e-06 9.5367431640625e-07 1.66893005371094e-06
1000 4.629135131835938e-06 7.15255737304688e-06 9.5367431640625e-07 9.5367431640625e-07 2.14576721191406e-06 1.9073486328125e-06
