100 1.3310909271240234e-05 3.480911254882812e-05 4.05311584472656e-06 1.9073486328125e-06 1.311302185058594e-05 9.5367431640625e-07
200 3.327488899230957e-05 8.7738037109375e-05 9.5367431640625e-07 0.0 2.694129943847656e-05 9.5367431640625e-07
300 4.023075103759766e-05 3.790855407714844e-05 9.5367431640625e-07 1.19209289550781e-06 3.790855407714844e-05 9.5367431640625e-07
400 4.861652851104736e-05 0.00015616416931152344 1.19209289550781e-06 0.0 5.006790161132812e-05 9.5367431640625e-07
500 6.079626083374023e-05 3.290176391601562e-05 1.9073486328125e-06 9.5367431640625e-07 6.413459777832031e-05 9.5367431640625e-07
600 7.32421875e-05 0.0002567768096923828 1.19209289550781e-06 7.1525573730469e-07 7.796287536621094e-05 9.5367431640625e-07
700 8.500916617257254e-05 0.00018095970153808594 2.14576721191406e-06 9.5367431640625e-07 8.893013000488281e-05 9.5367431640625e-07
800 9.506016969680786e-05 9.822845458984375e-05 9.5367431640625e-07 9.5367431640625e-07 0.00010013580322265625 9.5367431640625e-07
900 0.0001059791776869032 0.00021314620971679688 9.5367431640625e-07 9.5367431640625e-07 0.00011205673217773438 1.9073486328125e-06
1000 0.00011870551109313965 0.00021195411682128906 2.14576721191406e-06 0.0 0.00012493133544921875 7.1525573730469e-07
