100 3.9052963256835935e-06 3.814697265625e-06 3.09944152832031e-06 9.5367431640625e-07 1.9073486328125e-06 1.19209289550781e-06
200 1.5189647674560547e-05 5.7220458984375e-06 1.19209289550781e-06 9.5367431640625e-07 1.66893005371094e-06 9.5367431640625e-07
300 5.594889322916666e-06 7.15255737304688e-06 9.5367431640625e-07 9.5367431640625e-07 2.14576721191406e-06 1.19209289550781e-06
400 7.264018058776856e-06 4.05311584472656e-06 9.5367431640625e-07 9.5367431640625e-07 2.14576721191406e-06 9.5367431640625e-07
500 6.6003799438476565e-06 3.814697265625e-06 0.0 1.66893005371094e-06 2.14576721191406e-06 9.5367431640625e-07
600 6.618499755859375e-06 8.34465026855469e-06 9.5367431640625e-07 9.5367431640625e-07 1.9073486328125e-06 9.5367431640625e-07
700 6.614071982247489e-06 5.00679016113281e-06 9.5367431640625e-07 1.19209289550781e-06 2.14576721191406e-06 1.19209289550781e-06
800 9.648799896240234e-06 5.96046447753906e-06 0.0 1.19209289550781e-06 1.9073486328125e-06 7.1525573730469e-07
900 6.998380025227864e-06 5.00679016113281e-06 9.5367431640625e-07 9.5367431640625e-07 1.9073486328125e-06 9.5367431640625e-07
1000 6.984949111938477e-06 4.76837158203125e-06 9.5367431640625e-07 1.19209289550781e-06 2.86102294921875e-06 1.19209289550781e-06
1100 7.14995644309304e-06 1.406669616699219e-05 0.0 9.5367431640625e-07 1.9073486328125e-06 9.5367431640625e-07
1200 8.47160816192627e-06 6.19888305664062e-06 9.5367431640625e-07 2.14576721191406e-06 2.14576721191406e-06 1.66893005371094e-06
1300 7.434258094200721e-06 8.10623168945312e-06 9.5367431640625e-07 1.19209289550781e-06 3.09944152832031e-06 1.19209289550781e-06
1400 7.910217557634626e-06 7.86781311035156e-06 9.5367431640625e-07 2.14576721191406e-06 1.9073486328125e-06 1.19209289550781e-06
1500 8.546988169352213e-06 5.96046447753906e-06 1.19209289550781e-06 9.5367431640625e-07 3.09944152832031e-06 7.1525573730469e-07
1600 8.235722780227662e-06 9.05990600585938e-06 9.5367431640625e-07 9.5367431640625e-07 3.09944152832031e-06 9.5367431640625e-07
1700 8.611398584702435e-06 7.15255737304688e-06 9.5367431640625e-07 1.19209289550781e-06 3.09944152832031e-06 7.1525573730469e-07
1800 9.540186987982856e-06 7.86781311035156e-06 7.1525573730469e-07 1.19209289550781e-06 3.09944152832031e-06 9.5367431640625e-07
1900 8.860010849802117e-06 4.76837158203125e-06 9.5367431640625e-07 1.66893005371094e-06 3.09944152832031e-06 9.5367431640625e-07
2000 9.008526802062989e-06 5.00679016113281e-06 1.19209289550781e-06 9.5367431640625e-07 2.86102294921875e-06 9.5367431640625e-07
2100 8.811155954996744e-06 1.001358032226562e-05 2.14576721191406e-06 1.19209289550781e-06 2.884864807128906e-05 2.14576721191406e-06
2200 9.266788309270685e-06 1.096725463867188e-05 9.5367431640625e-07 9.5367431640625e-07 2.62260437011719e-06 1.19209289550781e-06
2300 9.123864381209664e-06 9.05990600585938e-06 9.5367431640625e-07 9.5367431640625e-07 2.86102294921875e-06 1.19209289550781e-06
2400 9.585320949554443e-06 9.05990600585938e-06 9.5367431640625e-07 7.1525573730469e-07 3.09944152832031e-06 1.19209289550781e-06
2500 9.354686737060548e-06 1.001358032226562e-05 2.14576721191406e-06 2.14576721191406e-06 2.14576721191406e-06 9.5367431640625e-07
2600 9.692999032827523e-06 4.05311584472656e-06 9.5367431640625e-07 1.19209289550781e-06 3.09944152832031e-06 9.5367431640625e-07
2700 9.711053636338976e-06 1.001358032226562e-05 9.5367431640625e-07 9.5367431640625e-07 3.09944152832031e-06 7.1525573730469e-07
2800 9.648118700299945e-06 1.001358032226562e-05 9.5367431640625e-07 1.19209289550781e-06 3.09944152832031e-06 7.1525573730469e-07
2900 1.1868230227766366e-05 1.096725463867188e-05 9.5367431640625e-07 7.1525573730469e-07 3.09944152832031e-06 9.5367431640625e-07
3000 1.0099093119303385e-05 1.71661376953125e-05 7.1525573730469e-07 2.14576721191406e-06 3.09944152832031e-06 2.14576721191406e-06
3100 1.0178704415598224e-05 7.15255737304688e-06 0.0 1.19209289550781e-06 3.09944152832031e-06 9.5367431640625e-07
3200 1.0545775294303895e-05 8.82148742675781e-06 9.5367431640625e-07 9.5367431640625e-07 2.62260437011719e-06 1.19209289550781e-06
3300 1.059582739165335e-05 7.15255737304688e-06 1.19209289550781e-06 9.5367431640625e-07 3.09944152832031e-06 7.1525573730469e-07
3400 1.0809127022238339e-05 6.91413879394531e-06 9.5367431640625e-07 1.19209289550781e-06 3.09944152832031e-06 9.5367431640625e-07
3500 1.144402367728097e-05 9.05990600585938e-06 2.14576721191406e-06 2.14576721191406e-06 2.14576721191406e-06 9.5367431640625e-07
3600 1.140806410047743e-05 8.82148742675781e-06 9.5367431640625e-07 9.5367431640625e-07 3.09944152832031e-06 7.1525573730469e-07
3700 1.1584307696368244e-05 8.10623168945312e-06 9.5367431640625e-07 9.5367431640625e-07 3.09944152832031e-06 1.19209289550781e-06
3800 1.1729127482364052e-05 6.91413879394531e-06 9.5367431640625e-07 7.1525573730469e-07 3.09944152832031e-06 1.19209289550781e-06
3900 1.201788584391276e-05 1.001358032226562e-05 7.1525573730469e-07 1.19209289550781e-06 3.09944152832031e-06 9.5367431640625e-07
4000 1.2318789958953858e-05 7.86781311035156e-06 9.5367431640625e-07 1.9073486328125e-06 2.62260437011719e-06 1.19209289550781e-06
4100 1.2380611605760528e-05 1.192092895507812e-05 9.5367431640625e-07 9.5367431640625e-07 3.09944152832031e-06 9.5367431640625e-07
4200 1.6184534345354354e-05 5.96046447753906e-06 9.5367431640625e-07 1.9073486328125e-06 2.86102294921875e-06 1.19209289550781e-06
4300 1.244240028913631e-05 1.406669616699219e-05 9.5367431640625e-07 9.5367431640625e-07 3.09944152832031e-06 1.19209289550781e-06
4400 1.2598200277848678e-05 7.86781311035156e-06 9.5367431640625e-07 1.9073486328125e-06 2.62260437011719e-06 1.19209289550781e-06
4500 1.3168070051405166e-05 1.502037048339844e-05 7.1525573730469e-07 1.19209289550781e-06 3.09944152832031e-06 9.5367431640625e-07
4600 1.2861231099004331e-05 1.71661376953125e-05 7.1525573730469e-07 9.5367431640625e-07 2.86102294921875e-06 1.19209289550781e-06
4700 1.2855986331371551e-05 4.76837158203125e-06 9.5367431640625e-07 1.9073486328125e-06 1.9073486328125e-06 1.19209289550781e-06
4800 1.2982587019602458e-05 1.001358032226562e-05 9.5367431640625e-07 1.19209289550781e-06 2.86102294921875e-06 9.5367431640625e-07
4900 1.3275146484375e-05 1.001358032226562e-05 9.5367431640625e-07 2.14576721191406e-06 1.9073486328125e-06 1.9073486328125e-06
5000 1.331486701965332e-05 1.001358032226562e-05 9.5367431640625e-07 9.5367431640625e-07 3.09944152832031e-06 1.9073486328125e-06
5100 1.3718371297798905e-05 8.34465026855469e-06 9.5367431640625e-07 2.14576721191406e-06 3.09944152832031e-06 7.1525573730469e-07
5200 1.87837160550631e-05 7.86781311035156e-06 9.5367431640625e-07 9.5367431640625e-07 2.86102294921875e-06 9.5367431640625e-07
5300 1.416012925921746e-05 7.15255737304688e-06 9.5367431640625e-07 9.5367431640625e-07 3.09944152832031e-06 1.19209289550781e-06
5400 1.4223081094247324e-05 8.10623168945312e-06 9.5367431640625e-07 1.19209289550781e-06 3.09944152832031e-06 9.5367431640625e-07
5500 1.4298612421209163e-05 1.096725463867188e-05 9.5367431640625e-07 1.9073486328125e-06 3.09944152832031e-06 1.19209289550781e-06
5600 1.431243760245187e-05 1.287460327148438e-05 9.5367431640625e-07 7.1525573730469e-07 3.09944152832031e-06 1.19209289550781e-06
5700 1.4553739313493695e-05 8.82148742675781e-06 9.5367431640625e-07 2.14576721191406e-06 3.09944152832031e-06 9.5367431640625e-07
5800 1.4717044501469053e-05 7.15255737304688e-06 9.5367431640625e-07 1.19209289550781e-06 3.09944152832031e-06 9.5367431640625e-07
5900 1.459893533738993e-05 1.096725463867188e-05 1.19209289550781e-06 9.5367431640625e-07 3.09944152832031e-06 1.19209289550781e-06
6000 1.7896453539530435e-05 1.406669616699219e-05 9.5367431640625e-07 9.5367431640625e-07 4.29153442382812e-06 1.19209289550781e-06
6100 1.5118200270856014e-05 9.05990600585938e-06 1.19209289550781e-06 1.9073486328125e-06 3.09944152832031e-06 9.5367431640625e-07
6200 1.5230486469884073e-05 7.86781311035156e-06 9.5367431640625e-07 1.66893005371094e-06 2.86102294921875e-06 1.19209289550781e-06
6300 1.558716334993877e-05 6.91413879394531e-06 9.5367431640625e-07 1.19209289550781e-06 2.86102294921875e-06 9.5367431640625e-07
6400 1.549936830997467e-05 1.287460327148438e-05 9.5367431640625e-07 1.66893005371094e-06 2.86102294921875e-06 1.19209289550781e-06
6500 1.5691683842585636e-05 1.311302185058594e-05 9.5367431640625e-07 1.19209289550781e-06 2.86102294921875e-06 9.5367431640625e-07
6600 1.578591086647727e-05 8.82148742675781e-06 1.19209289550781e-06 9.5367431640625e-07 4.05311584472656e-06 1.19209289550781e-06
6700 1.61231809587621e-05 1.311302185058594e-05 9.5367431640625e-07 9.5367431640625e-07 3.09944152832031e-06 9.5367431640625e-07
6800 1.9601583480834962e-05 8.82148742675781e-06 1.19209289550781e-06 2.14576721191406e-06 2.86102294921875e-06 9.5367431640625e-07
6900 1.6276905502098194e-05 6.91413879394531e-06 9.5367431640625e-07 1.19209289550781e-06 2.86102294921875e-06 9.5367431640625e-07
7000 1.681065559387207e-05 1.406669616699219e-05 1.19209289550781e-06 2.14576721191406e-06 3.09944152832031e-06 9.5367431640625e-07
7100 1.7011534999793684e-05 4.76837158203125e-06 9.5367431640625e-07 1.9073486328125e-06 3.09944152832031e-06 9.5367431640625e-07
7200 1.707788970735338e-05 1.096725463867188e-05 9.5367431640625e-07 1.19209289550781e-06 3.09944152832031e-06 1.9073486328125e-06
7300 1.6969491357672706e-05 1.001358032226562e-05 9.5367431640625e-07 1.9073486328125e-06 2.86102294921875e-06 9.5367431640625e-07
7400 1.967964945612727e-05 1.001358032226562e-05 9.5367431640625e-07 1.9073486328125e-06 2.86102294921875e-06 1.19209289550781e-06
7500 1.7678038279215493e-05 3.004074096679688e-05 9.5367431640625e-07 1.19209289550781e-06 4.05311584472656e-06 7.1525573730469e-07
7600 1.7595040170769943e-05 1.192092895507812e-05 9.5367431640625e-07 9.5367431640625e-07 3.09944152832031e-06 9.5367431640625e-07
7700 1.7600616851410308e-05 1.192092895507812e-05 9.5367431640625e-07 9.5367431640625e-07 3.09944152832031e-06 1.19209289550781e-06
7800 1.7778995709541516e-05 7.15255737304688e-06 7.1525573730469e-07 9.5367431640625e-07 2.86102294921875e-06 1.19209289550781e-06
7900 1.8022513087791734e-05 5.7220458984375e-06 9.5367431640625e-07 9.5367431640625e-07 3.09944152832031e-06 9.5367431640625e-07
8000 2.0480960607528686e-05 1.406669616699219e-05 9.5367431640625e-07 1.9073486328125e-06 3.09944152832031e-06 2.14576721191406e-06
8100 1.887009467607663e-05 7.15255737304688e-06 1.19209289550781e-06 2.14576721191406e-06 3.09944152832031e-06 7.1525573730469e-07
8200 1.908095871529928e-05 5.96046447753906e-06 9.5367431640625e-07 7.1525573730469e-07 4.05311584472656e-06 9.5367431640625e-07
8300 1.937222768025226e-05 5.7220458984375e-06 9.5367431640625e-07 1.66893005371094e-06 3.09944152832031e-06 9.5367431640625e-07
8400 1.927838439033145e-05 1.502037048339844e-05 9.5367431640625e-07 9.5367431640625e-07 2.62260437011719e-06 1.19209289550781e-06
8500 2.0386864157284007e-05 1.71661376953125e-05 9.5367431640625e-07 1.19209289550781e-06 3.814697265625e-06 9.5367431640625e-07
8600 2.1473391111506974e-05 8.10623168945312e-06 9.5367431640625e-07 1.9073486328125e-06 3.09944152832031e-06 9.5367431640625e-07
8700 2.8546459373386428e-05 5.00679016113281e-06 9.5367431640625e-07 1.9073486328125e-06 3.09944152832031e-06 1.19209289550781e-06
8800 2.001358704133467e-05 1.096725463867188e-05 9.5367431640625e-07 2.14576721191406e-06 4.76837158203125e-06 1.19209289550781e-06
8900 2.0696661445531952e-05 1.215934753417969e-05 9.5367431640625e-07 9.5367431640625e-07 2.62260437011719e-06 9.5367431640625e-07
9000 1.9428994920518663e-05 5.96046447753906e-06 1.19209289550781e-06 7.1525573730469e-07 3.09944152832031e-06 9.5367431640625e-07
9100 2.1744665208753648e-05 1.192092895507812e-05 0.0 9.5367431640625e-07 3.814697265625e-06 1.19209289550781e-06
9200 2.0275038221608036e-05 1.096725463867188e-05 7.1525573730469e-07 9.5367431640625e-07 4.29153442382812e-06 9.5367431640625e-07
9300 2.0779307170580793e-05 1.71661376953125e-05 7.1525573730469e-07 9.5367431640625e-07 3.09944152832031e-06 9.5367431640625e-07
9400 2.1109175174794298e-05 5.24520874023438e-06 7.1525573730469e-07 9.5367431640625e-07 3.09944152832031e-06 9.5367431640625e-07
9500 2.056357735081723e-05 8.10623168945312e-06 9.5367431640625e-07 1.19209289550781e-06 2.86102294921875e-06 9.5367431640625e-07
9600 2.289851506551107e-05 2.09808349609375e-05 9.5367431640625e-07 9.5367431640625e-07 4.05311584472656e-06 7.1525573730469e-07
9700 2.10269701849554e-05 1.096725463867188e-05 1.19209289550781e-06 9.5367431640625e-07 3.814697265625e-06 1.19209289550781e-06
9800 2.0793360106799068e-05 1.001358032226562e-05 9.5367431640625e-07 9.5367431640625e-07 3.814697265625e-06 1.19209289550781e-06
9900 2.1161334683196714e-05 1.120567321777344e-05 9.5367431640625e-07 2.14576721191406e-06 2.86102294921875e-06 9.5367431640625e-07
10000 2.1978068351745605e-05 1.71661376953125e-05 7.1525573730469e-07 2.14576721191406e-06 5.24520874023438e-06 1.19209289550781e-06
