100 6.887912750244141e-06 1.215934753417969e-05 4.05311584472656e-06 2.86102294921875e-06 3.09944152832031e-06 5.96046447753906e-06
200 2.0253658294677735e-05 7.15255737304688e-06 4.05311584472656e-06 3.09944152832031e-06 1.9073486328125e-06 3.814697265625e-06
300 7.645289103190105e-06 6.19888305664062e-06 1.9073486328125e-06 1.66893005371094e-06 1.9073486328125e-06 3.814697265625e-06
400 7.93933868408203e-06 1.001358032226562e-05 3.814697265625e-06 2.14576721191406e-06 2.14576721191406e-06 6.19888305664062e-06
500 8.278846740722655e-06 8.10623168945312e-06 4.05311584472656e-06 2.86102294921875e-06 3.09944152832031e-06 4.76837158203125e-06
600 8.269548416137696e-06 1.001358032226562e-05 5.00679016113281e-06 2.86102294921875e-06 3.09944152832031e-06 8.82148742675781e-06
700 8.485657828194755e-06 1.096725463867188e-05 5.00679016113281e-06 2.86102294921875e-06 2.14576721191406e-06 7.15255737304688e-06
800 1.1486411094665528e-05 1.001358032226562e-05 6.19888305664062e-06 1.9073486328125e-06 3.814697265625e-06 9.05990600585938e-06
900 8.518695831298827e-06 7.86781311035156e-06 3.09944152832031e-06 3.09944152832031e-06 3.814697265625e-06 4.76837158203125e-06
1000 8.883953094482422e-06 8.10623168945312e-06 5.00679016113281e-06 2.86102294921875e-06 3.09944152832031e-06 8.34465026855469e-06
1100 8.665214885364879e-06 7.86781311035156e-06 6.19888305664062e-06 3.09944152832031e-06 3.09944152832031e-06 1.001358032226562e-05
1200 9.658336639404296e-06 8.34465026855469e-06 3.09944152832031e-06 4.05311584472656e-06 2.86102294921875e-06 5.00679016113281e-06
1300 8.673851306621845e-06 9.05990600585938e-06 3.814697265625e-06 1.9073486328125e-06 4.29153442382812e-06 7.86781311035156e-06
1400 8.779082979474749e-06 8.10623168945312e-06 2.14576721191406e-06 3.09944152832031e-06 2.86102294921875e-06 4.05311584472656e-06
1500 1.0031700134277344e-05 8.10623168945312e-06 5.96046447753906e-06 3.09944152832031e-06 3.09944152832031e-06 1.001358032226562e-05
1600 8.932650089263917e-06 6.91413879394531e-06 5.96046447753906e-06 3.09944152832031e-06 2.86102294921875e-06 8.82148742675781e-06
1700 8.966502021340763e-06 7.86781311035156e-06 8.34465026855469e-06 3.09944152832031e-06 2.86102294921875e-06 1.406669616699219e-05
1800 9.532637066311306e-06 1.001358032226562e-05 6.91413879394531e-06 3.09944152832031e-06 2.62260437011719e-06 1.096725463867188e-05
1900 9.051624097322163e-06 1.001358032226562e-05 3.266334533691406e-05 4.05311584472656e-06 4.05311584472656e-06 9.05990600585938e-06
2000 9.31704044342041e-06 7.86781311035156e-06 6.19888305664062e-06 2.86102294921875e-06 2.86102294921875e-06 8.82148742675781e-06
2100 9.128252665201823e-06 1.001358032226562e-05 5.96046447753906e-06 4.05311584472656e-06 2.62260437011719e-06 1.001358032226562e-05
2200 9.469769217751243e-06 8.82148742675781e-06 8.10623168945312e-06 2.86102294921875e-06 3.09944152832031e-06 1.215934753417969e-05
2300 9.298324584960938e-06 9.29832458496094e-06 6.19888305664062e-06 3.09944152832031e-06 3.09944152832031e-06 1.001358032226562e-05
2400 9.492337703704834e-06 3.004074096679688e-05 9.5367431640625e-07 3.814697265625e-06 2.86102294921875e-06 3.004074096679688e-05
2500 9.133434295654297e-06 1.001358032226562e-05 1.19209289550781e-06 3.09944152832031e-06 3.09944152832031e-06 3.814697265625e-06
2600 9.382779781634989e-06 1.287460327148438e-05 7.15255737304688e-06 4.29153442382812e-06 1.66893005371094e-06 9.05990600585938e-06
2700 9.55431549637406e-06 8.34465026855469e-06 7.15255737304688e-06 4.05311584472656e-06 2.62260437011719e-06 1.096725463867188e-05
2800 9.393266269138882e-06 9.05990600585938e-06 3.814697265625e-06 2.86102294921875e-06 3.09944152832031e-06 7.15255737304688e-06
2900 1.2166664518159012e-05 1.001358032226562e-05 5.00679016113281e-06 3.09944152832031e-06 2.62260437011719e-06 7.86781311035156e-06
3000 9.20875867207845e-06 9.05990600585938e-06 5.00679016113281e-06 3.09944152832031e-06 3.814697265625e-06 1.001358032226562e-05
3100 9.137430498676916e-06 8.10623168945312e-06 3.09944152832031e-06 3.09944152832031e-06 3.814697265625e-06 3.814697265625e-06
3200 9.267255663871765e-06 9.05990600585938e-06 2.14576721191406e-06 3.09944152832031e-06 2.86102294921875e-06 3.814697265625e-06
3300 9.406190929990826e-06 9.05990600585938e-06 5.00679016113281e-06 3.09944152832031e-06 3.09944152832031e-06 9.05990600585938e-06
3400 9.264314875883215e-06 7.86781311035156e-06 5.7220458984375e-06 3.09944152832031e-06 3.09944152832031e-06 1.001358032226562e-05
3500 9.373119899204799e-06 1.096725463867188e-05 5.96046447753906e-06 3.09944152832031e-06 3.09944152832031e-06 9.05990600585938e-06
3600 9.143087599012586e-06 7.86781311035156e-06 9.05990600585938e-06 2.86102294921875e-06 3.09944152832031e-06 1.096725463867188e-05
3700 9.481649141053896e-06 1.001358032226562e-05 7.86781311035156e-06 3.814697265625e-06 3.09944152832031e-06 1.192092895507812e-05
3800 9.542891853734067e-06 1.001358032226562e-05 8.10623168945312e-06 3.814697265625e-06 3.09944152832031e-06 1.192092895507812e-05
3900 9.617988879864033e-06 9.05990600585938e-06 5.96046447753906e-06 3.814697265625e-06 3.09944152832031e-06 9.05990600585938e-06
4000 9.511291980743409e-06 9.29832458496094e-06 3.09944152832031e-06 4.05311584472656e-06 2.86102294921875e-06 5.24520874023438e-06
4100 9.787315275610948e-06 9.05990600585938e-06 5.24520874023438e-06 2.86102294921875e-06 3.814697265625e-06 9.05990600585938e-06
4200 1.514298575265067e-05 9.05990600585938e-06 5.7220458984375e-06 3.09944152832031e-06 4.05311584472656e-06 1.001358032226562e-05
4300 9.516006292298783e-06 9.05990600585938e-06 5.7220458984375e-06 4.05311584472656e-06 3.09944152832031e-06 1.001358032226562e-05
4400 1.012818379835649e-05 8.34465026855469e-06 7.15255737304688e-06 2.86102294921875e-06 3.814697265625e-06 1.168251037597656e-05
4500 1.0136392381456163e-05 1.001358032226562e-05 8.10623168945312e-06 4.29153442382812e-06 4.05311584472656e-06 1.311302185058594e-05
4600 1.0068727576214335e-05 8.10623168945312e-06 8.82148742675781e-06 3.09944152832031e-06 4.05311584472656e-06 1.263618469238281e-05
4700 9.769835370652219e-06 1.287460327148438e-05 6.91413879394531e-06 2.86102294921875e-06 4.05311584472656e-06 1.096725463867188e-05
4800 9.846041599909464e-06 7.86781311035156e-06 6.91413879394531e-06 3.814697265625e-06 4.05311584472656e-06 1.096725463867188e-05
4900 9.775599654839963e-06 9.05990600585938e-06 8.10623168945312e-06 3.814697265625e-06 3.09944152832031e-06 1.215934753417969e-05
5000 9.628725051879884e-06 1.001358032226562e-05 9.05990600585938e-06 2.86102294921875e-06 4.05311584472656e-06 1.311302185058594e-05
5100 9.873754837933709e-06 9.05990600585938e-06 5.24520874023438e-06 2.86102294921875e-06 4.05311584472656e-06 6.91413879394531e-06
5200 1.5785923370948203e-05 1.096725463867188e-05 7.86781311035156e-06 3.814697265625e-06 4.05311584472656e-06 1.096725463867188e-05
5300 9.714882328825176e-06 8.82148742675781e-06 6.91413879394531e-06 2.86102294921875e-06 3.09944152832031e-06 8.82148742675781e-06
5400 9.908411237928602e-06 9.05990600585938e-06 7.86781311035156e-06 4.05311584472656e-06 2.86102294921875e-06 1.215934753417969e-05
5500 1.0127110914750533e-05 1.001358032226562e-05 8.82148742675781e-06 2.86102294921875e-06 3.09944152832031e-06 1.311302185058594e-05
5600 9.915956429072789e-06 9.29832458496094e-06 5.96046447753906e-06 2.86102294921875e-06 3.09944152832031e-06 8.10623168945312e-06
5700 1.0004336373847827e-05 7.86781311035156e-06 5.96046447753906e-06 4.05311584472656e-06 4.05311584472656e-06 8.82148742675781e-06
5800 1.001867754706021e-05 1.311302185058594e-05 5.96046447753906e-06 3.09944152832031e-06 4.05311584472656e-06 8.34465026855469e-06
5900 1.0144387261342194e-05 8.82148742675781e-06 7.15255737304688e-06 4.05311584472656e-06 4.29153442382812e-06 1.096725463867188e-05
6000 1.5139619509379069e-05 9.05990600585938e-06 4.76837158203125e-06 3.09944152832031e-06 4.05311584472656e-06 9.05990600585938e-06
6100 1.0043832122302446e-05 1.001358032226562e-05 5.00679016113281e-06 3.09944152832031e-06 3.814697265625e-06 9.29832458496094e-06
6200 9.97843280915291e-06 9.05990600585938e-06 7.15255737304688e-06 4.05311584472656e-06 3.814697265625e-06 1.215934753417969e-05
6300 9.887218475341797e-06 1.096725463867188e-05 8.10623168945312e-06 4.05311584472656e-06 4.29153442382812e-06 1.096725463867188e-05
6400 1.0393150150775909e-05 9.05990600585938e-06 9.05990600585938e-06 4.29153442382812e-06 4.05311584472656e-06 1.382827758789062e-05
6500 9.952765244704027e-06 8.82148742675781e-06 5.7220458984375e-06 2.86102294921875e-06 4.05311584472656e-06 8.82148742675781e-06
6600 1.0262330373128256e-05 9.77516174316406e-06 3.09944152832031e-06 4.05311584472656e-06 3.814697265625e-06 5.96046447753906e-06
6700 1.0027671927836404e-05 1.096725463867188e-05 4.05311584472656e-06 4.29153442382812e-06 3.814697265625e-06 5.7220458984375e-06
6800 1.5068369753220502e-05 1.287460327148438e-05 6.91413879394531e-06 3.814697265625e-06 4.05311584472656e-06 1.192092895507812e-05
6900 1.0238419408383577e-05 9.77516174316406e-06 8.10623168945312e-06 3.09944152832031e-06 4.76837158203125e-06 1.192092895507812e-05
7000 1.0076045989990234e-05 1.001358032226562e-05 2.86102294921875e-06 4.05311584472656e-06 3.814697265625e-06 6.91413879394531e-06
7100 1.0361033426204197e-05 1.192092895507812e-05 1.096725463867188e-05 5.7220458984375e-06 5.00679016113281e-06 1.406669616699219e-05
7200 1.0495881239573161e-05 9.05990600585938e-06 3.09944152832031e-06 4.05311584472656e-06 3.814697265625e-06 6.91413879394531e-06
7300 1.0272248150551156e-05 1.001358032226562e-05 6.19888305664062e-06 4.05311584472656e-06 4.05311584472656e-06 1.001358032226562e-05
7400 1.4291421787158862e-05 1.406669616699219e-05 6.19888305664062e-06 4.05311584472656e-06 4.05311584472656e-06 1.025199890136719e-05
7500 1.026020050048828e-05 1.001358032226562e-05 2.14576721191406e-06 4.29153442382812e-06 3.814697265625e-06 6.19888305664062e-06
7600 1.0087678306981137e-05 1.001358032226562e-05 5.24520874023438e-06 4.29153442382812e-06 3.814697265625e-06 9.05990600585938e-06
7700 1.0057176862444197e-05 1.001358032226562e-05 8.82148742675781e-06 4.05311584472656e-06 3.814697265625e-06 1.406669616699219e-05
7800 1.0056342834081406e-05 9.77516174316406e-06 3.09944152832031e-06 3.09944152832031e-06 4.05311584472656e-06 5.00679016113281e-06
7900 1.0093163840378388e-05 1.096725463867188e-05 5.96046447753906e-06 3.814697265625e-06 4.29153442382812e-06 1.001358032226562e-05
8000 1.4005780220031739e-05 8.82148742675781e-06 5.24520874023438e-06 4.29153442382812e-06 3.814697265625e-06 7.86781311035156e-06
8100 1.0235044691297744e-05 1.096725463867188e-05 7.86781311035156e-06 3.814697265625e-06 4.05311584472656e-06 1.287460327148438e-05
8200 1.0190271749729064e-05 3.409385681152344e-05 2.312660217285156e-05 3.09944152832031e-06 8.34465026855469e-06 1.096725463867188e-05
8300 1.021273164864046e-05 1.001358032226562e-05 6.91413879394531e-06 5.00679016113281e-06 4.05311584472656e-06 1.001358032226562e-05
8400 1.008499236333938e-05 8.34465026855469e-06 8.82148742675781e-06 2.86102294921875e-06 4.05311584472656e-06 1.215934753417969e-05
8500 1.0136772604549633e-05 1.001358032226562e-05 5.96046447753906e-06 4.05311584472656e-06 3.814697265625e-06 9.05990600585938e-06
8600 1.4534523320752521e-05 1.096725463867188e-05 4.05311584472656e-06 4.29153442382812e-06 3.814697265625e-06 7.86781311035156e-06
8700 1.0320345560709636e-05 1.001358032226562e-05 8.82148742675781e-06 3.814697265625e-06 4.29153442382812e-06 1.382827758789062e-05
8800 1.0394562374461782e-05 8.82148742675781e-06 4.29153442382812e-06 4.29153442382812e-06 4.05311584472656e-06 6.91413879394531e-06
8900 1.0444260715098863e-05 2.193450927734375e-05 7.86781311035156e-06 3.09944152832031e-06 5.24520874023438e-06 1.287460327148438e-05
9000 1.0349777009752062e-05 1.168251037597656e-05 5.00679016113281e-06 4.29153442382812e-06 4.76837158203125e-06 1.001358032226562e-05
9100 1.3543773483444046e-05 1.001358032226562e-05 6.91413879394531e-06 3.814697265625e-06 4.29153442382812e-06 1.215934753417969e-05
9200 1.0698256285294243e-05 1.096725463867188e-05 6.91413879394531e-06 4.05311584472656e-06 3.814697265625e-06 1.001358032226562e-05
9300 1.0610421498616536e-05 1.215934753417969e-05 3.09944152832031e-06 4.05311584472656e-06 5.00679016113281e-06 6.91413879394531e-06
9400 1.0479536462337412e-05 9.05990600585938e-06 4.76837158203125e-06 3.814697265625e-06 4.05311584472656e-06 8.34465026855469e-06
9500 1.0410609998201069e-05 8.10623168945312e-06 5.24520874023438e-06 4.05311584472656e-06 5.00679016113281e-06 9.29832458496094e-06
9600 1.3629570603370666e-05 9.05990600585938e-06 5.24520874023438e-06 4.29153442382812e-06 4.05311584472656e-06 9.05990600585938e-06
9700 1.0448190354809319e-05 1.096725463867188e-05 2.14576721191406e-06 4.05311584472656e-06 5.24520874023438e-06 6.19888305664062e-06
9800 1.118073658067353e-05 9.05990600585938e-06 9.29832458496094e-06 4.05311584472656e-06 4.05311584472656e-06 1.287460327148438e-05
9900 1.0386356199630582e-05 8.82148742675781e-06 9.05990600585938e-06 3.814697265625e-06 4.05311584472656e-06 1.502037048339844e-05
10000 1.1296868324279785e-05 1.406669616699219e-05 6.91413879394531e-06 5.00679016113281e-06 5.24520874023438e-06 1.001358032226562e-05
