100 6.1821937561035156e-06 9.05990600585938e-06 5.96046447753906e-06 3.09944152832031e-06 2.14576721191406e-06 6.91413879394531e-06
200 1.900792121887207e-05 6.19888305664062e-06 4.76837158203125e-06 1.9073486328125e-06 3.09944152832031e-06 6.91413879394531e-06
300 6.616910298665365e-06 6.91413879394531e-06 1.9073486328125e-06 3.09944152832031e-06 1.9073486328125e-06 5.7220458984375e-06
400 6.747841835021972e-06 6.19888305664062e-06 3.814697265625e-06 2.14576721191406e-06 2.14576721191406e-06 8.34465026855469e-06
500 7.213115692138672e-06 5.96046447753906e-06 6.19888305664062e-06 2.86102294921875e-06 3.09944152832031e-06 1.001358032226562e-05
600 7.154544194539386e-06 7.15255737304688e-06 4.05311584472656e-06 2.14576721191406e-06 3.09944152832031e-06 8.10623168945312e-06
700 7.298333304268973e-06 5.7220458984375e-06 4.05311584472656e-06 1.9073486328125e-06 2.86102294921875e-06 7.86781311035156e-06
800 1.3104379177093505e-05 6.91413879394531e-06 6.19888305664062e-06 3.09944152832031e-06 2.86102294921875e-06 1.001358032226562e-05
900 7.90993372599284e-06 7.15255737304688e-06 6.19888305664062e-06 1.9073486328125e-06 3.814697265625e-06 1.025199890136719e-05
1000 7.265329360961914e-06 1.001358032226562e-05 6.91413879394531e-06 3.09944152832031e-06 3.09944152832031e-06 1.001358032226562e-05
