100 8.547306060791016e-06 1.406669616699219e-05 1.096725463867188e-05 3.09944152832031e-06 3.09944152832031e-06 6.91413879394531e-06
200 1.5645027160644532e-05 1.168251037597656e-05 4.76837158203125e-06 1.66893005371094e-06 4.05311584472656e-06 7.39097595214844e-06
300 9.50177510579427e-06 1.382827758789062e-05 4.05311584472656e-06 1.9073486328125e-06 2.86102294921875e-06 5.00679016113281e-06
400 9.627938270568848e-06 1.215934753417969e-05 5.24520874023438e-06 2.14576721191406e-06 4.05311584472656e-06 6.91413879394531e-06
500 9.86194610595703e-06 1.311302185058594e-05 4.76837158203125e-06 3.09944152832031e-06 2.002716064453125e-05 8.82148742675781e-06
600 1.0039806365966797e-05 1.382827758789062e-05 1.9073486328125e-06 2.14576721191406e-06 4.05311584472656e-06 5.24520874023438e-06
700 1.0266985212053571e-05 1.192092895507812e-05 5.96046447753906e-06 2.62260437011719e-06 3.09944152832031e-06 1.001358032226562e-05
800 1.2755990028381347e-05 1.502037048339844e-05 6.19888305664062e-06 3.09944152832031e-06 3.814697265625e-06 9.29832458496094e-06
900 1.0661549038357205e-05 1.811981201171875e-05 5.24520874023438e-06 3.09944152832031e-06 3.814697265625e-06 6.91413879394531e-06
1000 1.0383844375610351e-05 1.382827758789062e-05 3.814697265625e-06 1.66893005371094e-06 4.05311584472656e-06 8.10623168945312e-06
