100 3.843307495117188e-06 5.507469177246094e-05 2.408027648925781e-05 1.811981201171875e-05 1.19209289550781e-06 1.597404479980469e-05
200 1.0303258895874024e-05 0.000125885009765625 5.197525024414062e-05 3.099441528320312e-05 1.19209289550781e-06 3.695487976074219e-05
300 3.8043657938639324e-06 0.00034689903259277344 0.0001678466796875 4.887580871582031e-05 9.5367431640625e-07 0.0001010894775390625
400 3.6305189132690428e-06 0.00036406517028808594 0.0001361370086669922 8.082389831542969e-05 1.9073486328125e-06 0.00011110305786132812
500 3.870964050292969e-06 0.0002608299255371094 7.867813110351562e-05 8.606910705566406e-05 9.5367431640625e-07 7.486343383789062e-05
600 3.692309061686197e-06 0.00034809112548828125 0.00014519691467285156 9.393692016601562e-05 7.1525573730469e-07 0.0001010894775390625
700 3.6828858511788505e-06 0.00027108192443847656 8.177757263183594e-05 0.00011110305786132812 0.0 8.177757263183594e-05
800 5.92648983001709e-06 0.00061798095703125 0.0003209114074707031 0.0001552104949951172 1.9073486328125e-06 0.00023889541625976562
900 3.75615225897895e-06 0.00038814544677734375 0.00011801719665527344 0.00015401840209960938 1.19209289550781e-06 0.00011396408081054688
1000 3.6530494689941404e-06 0.0005431175231933594 0.00019097328186035156 0.00015687942504882812 1.19209289550781e-06 0.0001709461212158203
