100 2.6657581329345704e-05 1.573562622070312e-05 5.96046447753906e-06 3.814697265625e-06 2.14576721191406e-06 4.05311584472656e-06
200 1.125931739807129e-05 3.695487976074219e-05 1.192092895507812e-05 6.67572021484375e-06 1.9073486328125e-06 9.05990600585938e-06
300 1.2048085530598958e-05 1.215934753417969e-05 1.9073486328125e-06 9.05990600585938e-06 1.9073486328125e-06 3.09944152832031e-06
400 1.2423396110534668e-05 2.717971801757812e-05 5.96046447753906e-06 1.120567321777344e-05 9.5367431640625e-07 6.91413879394531e-06
500 1.3011932373046875e-05 4.38690185546875e-05 4.315376281738281e-05 1.287460327148438e-05 9.5367431640625e-07 1.001358032226562e-05
600 1.3460318247477213e-05 2.789497375488281e-05 7.15255737304688e-06 1.192092895507812e-05 2.86102294921875e-06 6.91413879394531e-06
700 1.380579812186105e-05 1.502037048339844e-05 7.86781311035156e-06 1.192092895507812e-05 1.9073486328125e-06 5.96046447753906e-06
800 1.7327964305877684e-05 2.312660217285156e-05 5.96046447753906e-06 1.382827758789062e-05 9.5367431640625e-07 5.00679016113281e-06
900 1.4672809176974826e-05 1.883506774902344e-05 5.00679016113281e-06 1.168251037597656e-05 1.9073486328125e-06 5.24520874023438e-06
1000 1.5271663665771485e-05 1.811981201171875e-05 5.00679016113281e-06 1.621246337890625e-05 2.14576721191406e-06 4.76837158203125e-06
1100 1.5521266243674537e-05 1.788139343261719e-05 5.00679016113281e-06 1.52587890625e-05 2.86102294921875e-06 3.814697265625e-06
1200 1.62963072458903e-05 2.002716064453125e-05 6.19888305664062e-06 1.52587890625e-05 2.86102294921875e-06 5.96046447753906e-06
1300 1.5589640690730168e-05 2.408027648925781e-05 9.05990600585938e-06 1.478195190429688e-05 2.14576721191406e-06 6.91413879394531e-06
1400 1.6240222113473075e-05 2.884864807128906e-05 6.91413879394531e-06 1.788139343261719e-05 2.86102294921875e-06 6.19888305664062e-06
1500 1.682885487874349e-05 3.504753112792969e-05 8.10623168945312e-06 1.311302185058594e-05 2.14576721191406e-06 6.91413879394531e-06
1600 1.6453862190246583e-05 1.71661376953125e-05 5.00679016113281e-06 1.692771911621094e-05 3.09944152832031e-06 3.814697265625e-06
1700 1.6557469087488512e-05 3.290176391601562e-05 9.29832458496094e-06 1.52587890625e-05 2.86102294921875e-06 8.10623168945312e-06
1800 1.7316473854912653e-05 2.002716064453125e-05 6.19888305664062e-06 1.573562622070312e-05 1.9073486328125e-06 5.24520874023438e-06
1900 1.7285472468325966e-05 3.194808959960938e-05 9.77516174316406e-06 2.002716064453125e-05 1.9073486328125e-06 7.86781311035156e-06
2000 1.742267608642578e-05 4.00543212890625e-05 1.096725463867188e-05 1.406669616699219e-05 3.09944152832031e-06 9.77516174316406e-06
2100 1.773141679309663e-05 3.075599670410156e-05 8.10623168945312e-06 4.38690185546875e-05 1.788139343261719e-05 8.10623168945312e-06
2200 1.8625151027332654e-05 1.9073486328125e-05 5.7220458984375e-06 1.9073486328125e-05 4.05311584472656e-06 5.00679016113281e-06
2300 1.7618718354598336e-05 4.1961669921875e-05 1.192092895507812e-05 1.811981201171875e-05 2.86102294921875e-06 1.001358032226562e-05
2400 1.822372277577718e-05 3.290176391601562e-05 9.05990600585938e-06 1.811981201171875e-05 3.09944152832031e-06 8.10623168945312e-06
2500 1.8679428100585938e-05 3.504753112792969e-05 1.096725463867188e-05 1.9073486328125e-05 3.09944152832031e-06 7.86781311035156e-06
2600 1.8274875787588265e-05 3.886222839355469e-05 1.001358032226562e-05 1.788139343261719e-05 1.9073486328125e-06 8.34465026855469e-06
2700 1.827716827392578e-05 3.385543823242188e-05 9.05990600585938e-06 1.502037048339844e-05 2.62260437011719e-06 8.10623168945312e-06
2800 1.8257158143179756e-05 3.004074096679688e-05 8.82148742675781e-06 1.788139343261719e-05 3.09944152832031e-06 7.86781311035156e-06
2900 2.1611164356100148e-05 1.692771911621094e-05 4.76837158203125e-06 1.883506774902344e-05 3.09944152832031e-06 5.00679016113281e-06
3000 1.833772659301758e-05 3.218650817871094e-05 1.001358032226562e-05 1.597404479980469e-05 1.9073486328125e-06 7.86781311035156e-06
3100 1.8109967631678426e-05 8.034706115722656e-05 7.86781311035156e-06 1.692771911621094e-05 3.09944152832031e-06 6.91413879394531e-06
3200 1.8849745392799376e-05 2.789497375488281e-05 8.82148742675781e-06 1.883506774902344e-05 4.05311584472656e-06 7.86781311035156e-06
3300 1.85493989424272e-05 2.622604370117188e-05 5.96046447753906e-06 1.692771911621094e-05 4.05311584472656e-06 6.19888305664062e-06
3400 1.857939888449276e-05 5.197525024414062e-05 1.502037048339844e-05 1.573562622070312e-05 4.05311584472656e-06 1.311302185058594e-05
3500 1.8933977399553572e-05 3.695487976074219e-05 9.77516174316406e-06 1.9073486328125e-05 5.00679016113281e-06 9.05990600585938e-06
3600 1.9320382012261286e-05 4.38690185546875e-05 1.192092895507812e-05 1.811981201171875e-05 4.29153442382812e-06 1.001358032226562e-05
3700 1.8898280891212258e-05 1.478195190429688e-05 4.76837158203125e-06 1.788139343261719e-05 4.05311584472656e-06 4.05311584472656e-06
3800 1.8866877806814093e-05 1.215934753417969e-05 3.09944152832031e-06 1.71661376953125e-05 4.29153442382812e-06 2.86102294921875e-06
3900 1.910270788730719e-05 2.789497375488281e-05 6.91413879394531e-06 1.9073486328125e-05 3.09944152832031e-06 6.19888305664062e-06
4000 1.9406616687774658e-05 1.597404479980469e-05 5.24520874023438e-06 2.002716064453125e-05 2.86102294921875e-06 4.76837158203125e-06
4100 1.9234971302311594e-05 2.789497375488281e-05 6.91413879394531e-06 1.668930053710938e-05 2.14576721191406e-06 5.7220458984375e-06
4200 2.4400892711821058e-05 1.287460327148438e-05 3.09944152832031e-06 1.692771911621094e-05 3.09944152832031e-06 2.86102294921875e-06
4300 1.9229844559070677e-05 1.311302185058594e-05 2.86102294921875e-06 1.883506774902344e-05 3.09944152832031e-06 4.29153442382812e-06
4400 1.919437538493763e-05 2.908706665039062e-05 7.86781311035156e-06 1.692771911621094e-05 2.14576721191406e-06 6.91413879394531e-06
4500 1.9281228383382163e-05 4.076957702636719e-05 1.096725463867188e-05 1.9073486328125e-05 2.86102294921875e-06 8.82148742675781e-06
4600 1.9298791885375975e-05 3.385543823242188e-05 9.05990600585938e-06 1.811981201171875e-05 3.814697265625e-06 5.7220458984375e-06
4700 1.9240379333496094e-05 2.408027648925781e-05 5.00679016113281e-06 1.811981201171875e-05 2.86102294921875e-06 6.91413879394531e-06
4800 1.9206951061884563e-05 3.600120544433594e-05 1.001358032226562e-05 1.883506774902344e-05 4.05311584472656e-06 8.82148742675781e-06
4900 1.941500877847477e-05 3.099441528320312e-05 8.82148742675781e-06 1.621246337890625e-05 3.814697265625e-06 7.86781311035156e-06
5000 1.9477510452270506e-05 1.168251037597656e-05 3.09944152832031e-06 1.668930053710938e-05 4.05311584472656e-06 2.86102294921875e-06
5100 1.9945350347780714e-05 3.910064697265625e-05 1.025199890136719e-05 2.002716064453125e-05 4.05311584472656e-06 9.29832458496094e-06
5200 2.5133307163531963e-05 1.597404479980469e-05 4.05311584472656e-06 2.002716064453125e-05 3.09944152832031e-06 4.05311584472656e-06
5300 1.9681093827733455e-05 2.002716064453125e-05 5.96046447753906e-06 2.09808349609375e-05 3.09944152832031e-06 6.19888305664062e-06
5400 1.9726797386452003e-05 3.194808959960938e-05 7.15255737304688e-06 2.002716064453125e-05 1.66893005371094e-06 7.15255737304688e-06
5500 1.9813277504660867e-05 3.314018249511719e-05 9.05990600585938e-06 1.788139343261719e-05 2.14576721191406e-06 8.10623168945312e-06
5600 1.9851199218205043e-05 3.194808959960938e-05 1.001358032226562e-05 2.002716064453125e-05 1.9073486328125e-06 9.05990600585938e-06
5700 1.9792506569310238e-05 1.71661376953125e-05 4.29153442382812e-06 1.9073486328125e-05 1.9073486328125e-06 4.76837158203125e-06
5800 1.9966857186679183e-05 3.719329833984375e-05 1.001358032226562e-05 1.9073486328125e-05 3.814697265625e-06 9.05990600585938e-06
5900 2.0536123696020093e-05 2.717971801757812e-05 6.91413879394531e-06 1.883506774902344e-05 2.14576721191406e-06 6.91413879394531e-06
6000 2.432537078857422e-05 1.502037048339844e-05 4.05311584472656e-06 2.002716064453125e-05 4.05311584472656e-06 4.29153442382812e-06
6100 2.0001599046050524e-05 1.263618469238281e-05 3.09944152832031e-06 5.602836608886719e-05 2.62260437011719e-06 2.002716064453125e-05
6200 2.020320584697108e-05 2.002716064453125e-05 5.96046447753906e-06 2.193450927734375e-05 2.86102294921875e-06 5.7220458984375e-06
6300 2.021131061372303e-05 9.29832458496094e-06 2.14576721191406e-06 2.217292785644531e-05 2.86102294921875e-06 3.09944152832031e-06
6400 2.0112544298171997e-05 1.478195190429688e-05 2.86102294921875e-06 2.09808349609375e-05 2.86102294921875e-06 4.05311584472656e-06
6500 2.032947540283203e-05 1.406669616699219e-05 5.00679016113281e-06 2.169609069824219e-05 2.14576721191406e-06 3.814697265625e-06
6600 2.0859747221975614e-05 2.193450927734375e-05 5.00679016113281e-06 2.360343933105469e-05 4.05311584472656e-06 5.00679016113281e-06
6700 2.0875397013194525e-05 2.789497375488281e-05 7.15255737304688e-06 1.788139343261719e-05 1.66893005371094e-06 7.86781311035156e-06
6800 2.482449307161219e-05 2.503395080566406e-05 8.10623168945312e-06 2.002716064453125e-05 2.14576721191406e-06 6.19888305664062e-06
6900 2.0417821580085202e-05 2.789497375488281e-05 8.10623168945312e-06 2.312660217285156e-05 2.86102294921875e-06 1.001358032226562e-05
7000 2.0388501031058176e-05 1.978874206542969e-05 6.19888305664062e-06 1.978874206542969e-05 2.62260437011719e-06 4.76837158203125e-06
7100 2.0642750699755173e-05 2.908706665039062e-05 7.86781311035156e-06 1.9073486328125e-05 1.66893005371094e-06 6.19888305664062e-06
7200 2.0807451672024197e-05 3.099441528320312e-05 9.05990600585938e-06 2.121925354003906e-05 3.09944152832031e-06 7.86781311035156e-06
7300 2.1341990118157375e-05 2.09808349609375e-05 5.96046447753906e-06 1.883506774902344e-05 3.09944152832031e-06 4.76837158203125e-06
7400 2.4363607973665803e-05 2.694129943847656e-05 7.86781311035156e-06 2.002716064453125e-05 3.09944152832031e-06 6.91413879394531e-06
7500 2.0673497517903645e-05 2.384185791015625e-05 8.10623168945312e-06 2.193450927734375e-05 2.86102294921875e-06 6.19888305664062e-06
7600 2.044031494542172e-05 4.1961669921875e-05 1.001358032226562e-05 2.264976501464844e-05 3.09944152832031e-06 8.10623168945312e-06
7700 2.0601006297322064e-05 5.221366882324219e-05 1.406669616699219e-05 2.09808349609375e-05 2.86102294921875e-06 1.168251037597656e-05
7800 2.0594291197947967e-05 2.193450927734375e-05 4.76837158203125e-06 2.09808349609375e-05 3.09944152832031e-06 5.96046447753906e-06
7900 2.0832864544059657e-05 2.09808349609375e-05 5.96046447753906e-06 1.9073486328125e-05 3.09944152832031e-06 4.76837158203125e-06
8000 2.442339062690735e-05 1.668930053710938e-05 3.814697265625e-06 2.002716064453125e-05 1.9073486328125e-06 4.05311584472656e-06
8100 2.072131192242658e-05 1.311302185058594e-05 3.09944152832031e-06 2.217292785644531e-05 3.09944152832031e-06 3.814697265625e-06
8200 2.0467857035194954e-05 2.622604370117188e-05 6.91413879394531e-06 2.09808349609375e-05 2.86102294921875e-06 6.91413879394531e-06
8300 2.0635903599750564e-05 3.027915954589844e-05 7.86781311035156e-06 2.288818359375e-05 2.14576721191406e-06 6.91413879394531e-06
8400 2.080244677407401e-05 1.883506774902344e-05 5.96046447753906e-06 2.09808349609375e-05 3.09944152832031e-06 5.00679016113281e-06
8500 2.0734674790326286e-05 3.314018249511719e-05 8.10623168945312e-06 2.09808349609375e-05 4.05311584472656e-06 6.91413879394531e-06
8600 2.415257830952489e-05 5.507469177246094e-05 1.478195190429688e-05 1.978874206542969e-05 3.09944152832031e-06 1.192092895507812e-05
8700 2.1048085442904768e-05 1.597404479980469e-05 3.814697265625e-06 2.09808349609375e-05 3.09944152832031e-06 5.00679016113281e-06
8800 2.0747157660397615e-05 4.315376281738281e-05 1.168251037597656e-05 2.002716064453125e-05 3.09944152832031e-06 8.82148742675781e-06
8900 2.105471793185459e-05 2.598762512207031e-05 5.7220458984375e-06 1.9073486328125e-05 4.05311584472656e-06 5.7220458984375e-06
9000 2.081081602308485e-05 2.09808349609375e-05 6.19888305664062e-06 2.002716064453125e-05 2.86102294921875e-06 4.76837158203125e-06
9100 2.3721810225602036e-05 1.811981201171875e-05 5.00679016113281e-06 2.002716064453125e-05 2.62260437011719e-06 5.00679016113281e-06
9200 2.1033261133276898e-05 2.574920654296875e-05 3.814697265625e-06 1.883506774902344e-05 4.05311584472656e-06 5.96046447753906e-06
9300 2.0906002290787236e-05 3.194808959960938e-05 8.82148742675781e-06 2.193450927734375e-05 3.814697265625e-06 8.10623168945312e-06
9400 2.138049044507615e-05 4.291534423828125e-05 1.120567321777344e-05 2.09808349609375e-05 3.09944152832031e-06 8.82148742675781e-06
9500 2.1077783484207957e-05 2.408027648925781e-05 6.91413879394531e-06 2.002716064453125e-05 3.09944152832031e-06 6.91413879394531e-06
9600 2.4255042274792988e-05 2.813339233398438e-05 6.91413879394531e-06 2.002716064453125e-05 4.05311584472656e-06 6.91413879394531e-06
9700 2.113885486248842e-05 1.9073486328125e-05 4.76837158203125e-06 2.09808349609375e-05 2.86102294921875e-06 4.05311584472656e-06
9800 2.1005139058949996e-05 2.717971801757812e-05 6.91413879394531e-06 2.09808349609375e-05 2.14576721191406e-06 5.96046447753906e-06
9900 2.1327408877286044e-05 6.91413879394531e-06 1.9073486328125e-06 2.09808349609375e-05 1.9073486328125e-06 2.14576721191406e-06
10000 2.1028995513916015e-05 2.527236938476562e-05 6.91413879394531e-06 2.002716064453125e-05 2.14576721191406e-06 5.96046447753906e-06
