100 1.2078285217285155e-05 1.931190490722656e-05 5.7220458984375e-06 2.14576721191406e-06 1.9073486328125e-06 5.00679016113281e-06
200 2.6717185974121094e-05 2.09808349609375e-05 7.15255737304688e-06 9.5367431640625e-07 1.9073486328125e-06 5.7220458984375e-06
300 1.4907519022623697e-05 1.287460327148438e-05 3.814697265625e-06 2.14576721191406e-06 2.14576721191406e-06 2.86102294921875e-06
400 1.6550421714782716e-05 1.692771911621094e-05 6.19888305664062e-06 2.14576721191406e-06 2.14576721191406e-06 4.76837158203125e-06
500 1.669788360595703e-05 4.506111145019531e-05 1.192092895507812e-05 2.86102294921875e-06 3.09944152832031e-06 9.05990600585938e-06
600 1.831332842508952e-05 3.099441528320312e-05 2.193450927734375e-05 2.408027648925781e-05 2.14576721191406e-06 6.19888305664062e-06
700 1.7802715301513672e-05 1.9073486328125e-05 5.00679016113281e-06 2.14576721191406e-06 1.66893005371094e-06 5.00679016113281e-06
800 2.2508203983306885e-05 3.504753112792969e-05 7.86781311035156e-06 2.86102294921875e-06 2.14576721191406e-06 7.15255737304688e-06
900 1.8465783860948352e-05 2.813339233398438e-05 8.10623168945312e-06 1.66893005371094e-06 2.14576721191406e-06 6.19888305664062e-06
1000 1.9235610961914064e-05 2.694129943847656e-05 9.05990600585938e-06 1.9073486328125e-06 1.9073486328125e-06 7.39097595214844e-06
